 == R 5 ==
=======
[(0, 0)], [(0, 0), (0, 0), (0, 0), (0, 0), (0, 0), (0, 0), (0, 0), (0, 0), (0, 0)]
=======

=======
[(1, 0), (0, 0)], [(0, 0), (0, 0), (0, 0), (0, 0), (0, 0), (0, 0), (0, 0), (0, 0)]
=======

=======
[(1, 0), (0, 0), (0, 0)], [(0, 0), (0, 0), (0, 0), (0, 0), (0, 0), (0, 0), (0, 0)]
=======

=======
[(1, 0), (0, 0), (0, 0), (0, 0)], [(0, 0), (0, 0), (0, 0), (0, 0), (0, 0), (0, 0)]
=======

=======
[(1, 0), (0, 0), (0, 0), (0, 0), (0, 0)], [(0, 0), (0, 0), (0, 0), (0, 0), (0, 0)]
=======

=======
[(1, 0), (0, 0), (0, 0), (0, 0), (0, 0), (0, 0)], [(0, 0), (0, 0), (0, 0), (0, 0)]
=======

=======
[(1, 0), (0, 0), (0, 0), (0, 0), (0, 0), (0, 0), (0, 0)], [(0, 0), (0, 0), (0, 0)]
=======

=======
[(1, 0), (0, 0), (0, 0), (0, 0), (0, 0), (0, 0), (0, 0), (0, 0)], [(0, 0), (0, 0)]
=======

=======
[(1, 0), (0, 0), (0, 0), (0, 0), (0, 0), (0, 0), (0, 0), (0, 0), (0, 0)], [(0, 0)]
=======

=======
[(1, 0)], [(0, 0), (0, 0), (0, 0), (0, 0), (0, 0), (0, 0), (0, 0), (0, 0), (0, 0)]
=======

=======
[(2, 0), (1, 0)], [(0, 0), (0, 0), (0, 0), (0, 0), (0, 0), (0, 0), (0, 0), (0, 0)]
=======

=======
[(2, 0), (1, 0), (0, 0)], [(0, 0), (0, 0), (0, 0), (0, 0), (0, 0), (0, 0), (0, 0)]
=======

=======
[(2, 0), (1, 0), (0, 0), (0, 0)], [(0, 0), (0, 0), (0, 0), (0, 0), (0, 0), (0, 0)]
=======

=======
[(2, 0), (1, 0), (0, 0), (0, 0), (0, 0)], [(0, 0), (0, 0), (0, 0), (0, 0), (0, 0)]
=======

=======
[(2, 0), (1, 0), (0, 0), (0, 0), (0, 0), (0, 0)], [(0, 0), (0, 0), (0, 0), (0, 0)]
=======

=======
[(2, 0), (1, 0), (0, 0), (0, 0), (0, 0), (0, 0), (0, 0)], [(0, 0), (0, 0), (0, 0)]
=======

=======
[(2, 0), (1, 0), (0, 0), (0, 0), (0, 0), (0, 0), (0, 0), (0, 0)], [(0, 0), (0, 0)]
=======

=======
[(2, 0), (1, 0), (0, 0), (0, 0), (0, 0), (0, 0), (0, 0), (0, 0), (0, 0)], [(0, 0)]
=======

=======
[(2, 0)], [(1, 0), (0, 0), (0, 0), (0, 0), (0, 0), (0, 0), (0, 0), (0, 0), (0, 0)]
=======

=======
[(3, 0), (2, 0)], [(0, 0), (0, 0), (0, 0), (0, 0), (0, 0), (0, 0), (0, 0), (0, 0)]
=======

=======
[(3, 0), (2, 0), (1, 0)], [(0, 0), (0, 0), (0, 0), (0, 0), (0, 0), (0, 0), (0, 0)]
=======

=======
[(3, 0), (2, 0), (1, 0), (0, 0)], [(0, 0), (0, 0), (0, 0), (0, 0), (0, 0), (0, 0)]
=======

=======
[(3, 0), (2, 0), (1, 0), (0, 0), (0, 0)], [(0, 0), (0, 0), (0, 0), (0, 0), (0, 0)]
=======

=======
[(3, 0), (2, 0), (1, 0), (0, 0), (0, 0), (0, 0)], [(0, 0), (0, 0), (0, 0), (0, 0)]
=======

=======
[(3, 0), (2, 0), (1, 0), (0, 0), (0, 0), (0, 0), (0, 0)], [(0, 0), (0, 0), (0, 0)]
=======

=======
[(3, 0), (2, 0), (1, 0), (0, 0), (0, 0), (0, 0), (0, 0), (0, 0)], [(0, 0), (0, 0)]
=======

=======
[(3, 0), (2, 0), (1, 0), (0, 0), (0, 0), (0, 0), (0, 0), (0, 0), (0, 0)], [(0, 0)]
=======

=======
[(3, 0)], [(2, 0), (1, 0), (0, 0), (0, 0), (0, 0), (0, 0), (0, 0), (0, 0), (0, 0)]
=======

=======
[(4, 0), (3, 0)], [(1, 0), (0, 0), (0, 0), (0, 0), (0, 0), (0, 0), (0, 0), (0, 0)]
=======

=======
[(4, 0), (3, 0), (2, 0)], [(0, 0), (0, 0), (0, 0), (0, 0), (0, 0), (0, 0), (0, 0)]
=======

=======
[(4, 0), (3, 0), (2, 0), (1, 0)], [(0, 0), (0, 0), (0, 0), (0, 0), (0, 0), (0, 0)]
=======

=======
[(4, 0), (3, 0), (2, 0), (1, 0), (0, 0)], [(0, 0), (0, 0), (0, 0), (0, 0), (0, 0)]
=======

=======
[(4, 0), (3, 0), (2, 0), (1, 0), (0, 0), (0, 0)], [(0, 0), (0, 0), (0, 0), (0, 0)]
=======

=======
[(4, 0), (3, 0), (2, 0), (1, 0), (0, 0), (0, 0), (0, 0)], [(0, 0), (0, 0), (0, 0)]
=======

=======
[(4, 0), (3, 0), (2, 0), (1, 0), (0, 0), (0, 0), (0, 0), (0, 0)], [(0, 0), (0, 0)]
=======

=======
[(4, 0), (3, 0), (2, 0), (1, 0), (0, 0), (0, 0), (0, 0), (0, 0), (0, 0)], [(0, 0)]
=======

=======
[(4, 0)], [(3, 0), (2, 0), (1, 0), (0, 0), (0, 0), (0, 0), (0, 0), (0, 0), (0, 0)]
=======

=======
[(5, 0), (4, 0)], [(2, 0), (1, 0), (0, 0), (0, 0), (0, 0), (0, 0), (0, 0), (0, 0)]
=======

=======
[(5, 0), (4, 0), (3, 0)], [(1, 0), (0, 0), (0, 0), (0, 0), (0, 0), (0, 0), (0, 0)]
=======

=======
[(5, 0), (4, 0), (3, 0), (2, 0)], [(0, 0), (0, 0), (0, 0), (0, 0), (0, 0), (0, 0)]
=======

=======
[(5, 0), (4, 0), (3, 0), (2, 0), (1, 0)], [(0, 0), (0, 0), (0, 0), (0, 0), (0, 0)]
=======

=======
[(5, 0), (4, 0), (3, 0), (2, 0), (1, 0), (0, 0)], [(0, 0), (0, 0), (0, 0), (0, 0)]
=======

=======
[(5, 0), (4, 0), (3, 0), (2, 0), (1, 0), (0, 0), (0, 0)], [(0, 0), (0, 0), (0, 0)]
=======

=======
[(5, 0), (4, 0), (3, 0), (2, 0), (1, 0), (0, 0), (0, 0), (0, 0)], [(0, 0), (0, 0)]
=======

=======
[(5, 0), (4, 0), (3, 0), (2, 0), (1, 0), (0, 0), (0, 0), (0, 0), (0, 0)], [(0, 0)]
=======

 == U 8 ==
=======
[(5, 0)], [(4, 0), (3, 0), (2, 0), (1, 0), (0, 0), (0, 0), (0, 0), (0, 0), (0, 0)]
=======

=======
[(5, 1), (4, 0)], [(3, 0), (2, 0), (1, 0), (0, 0), (0, 0), (0, 0), (0, 0), (0, 0)]
=======

=======
[(5, 1), (4, 0), (3, 0)], [(2, 0), (1, 0), (0, 0), (0, 0), (0, 0), (0, 0), (0, 0)]
=======

=======
[(5, 1), (4, 0), (3, 0), (2, 0)], [(1, 0), (0, 0), (0, 0), (0, 0), (0, 0), (0, 0)]
=======

=======
[(5, 1), (4, 0), (3, 0), (2, 0), (1, 0)], [(0, 0), (0, 0), (0, 0), (0, 0), (0, 0)]
=======

=======
[(5, 1), (4, 0), (3, 0), (2, 0), (1, 0), (0, 0)], [(0, 0), (0, 0), (0, 0), (0, 0)]
=======

=======
[(5, 1), (4, 0), (3, 0), (2, 0), (1, 0), (0, 0), (0, 0)], [(0, 0), (0, 0), (0, 0)]
=======

=======
[(5, 1), (4, 0), (3, 0), (2, 0), (1, 0), (0, 0), (0, 0), (0, 0)], [(0, 0), (0, 0)]
=======

=======
[(5, 1), (4, 0), (3, 0), (2, 0), (1, 0), (0, 0), (0, 0), (0, 0), (0, 0)], [(0, 0)]
=======

=======
[(5, 1)], [(4, 0), (3, 0), (2, 0), (1, 0), (0, 0), (0, 0), (0, 0), (0, 0), (0, 0)]
=======

=======
[(5, 2), (5, 1)], [(3, 0), (2, 0), (1, 0), (0, 0), (0, 0), (0, 0), (0, 0), (0, 0)]
=======

=======
[(5, 2), (5, 1), (4, 1)], [(2, 0), (1, 0), (0, 0), (0, 0), (0, 0), (0, 0), (0, 0)]
=======

=======
[(5, 2), (5, 1), (4, 1), (3, 1)], [(1, 0), (0, 0), (0, 0), (0, 0), (0, 0), (0, 0)]
=======

=======
[(5, 2), (5, 1), (4, 1), (3, 1), (2, 1)], [(0, 0), (0, 0), (0, 0), (0, 0), (0, 0)]
=======

=======
[(5, 2), (5, 1), (4, 1), (3, 1), (2, 1), (1, 1)], [(0, 0), (0, 0), (0, 0), (0, 0)]
=======

=======
[(5, 2), (5, 1), (4, 1), (3, 1), (2, 1), (1, 1), (0, 0)], [(0, 0), (0, 0), (0, 0)]
=======

=======
[(5, 2), (5, 1), (4, 1), (3, 1), (2, 1), (1, 1), (0, 0), (0, 0)], [(0, 0), (0, 0)]
=======

=======
[(5, 2), (5, 1), (4, 1), (3, 1), (2, 1), (1, 1), (0, 0), (0, 0), (0, 0)], [(0, 0)]
=======

=======
[(5, 2)], [(5, 1), (4, 1), (3, 1), (2, 1), (1, 1), (0, 0), (0, 0), (0, 0), (0, 0)]
=======

=======
[(5, 3), (5, 2)], [(4, 1), (3, 1), (2, 1), (1, 1), (0, 0), (0, 0), (0, 0), (0, 0)]
=======

=======
[(5, 3), (5, 2), (4, 1)], [(3, 1), (2, 1), (1, 1), (0, 0), (0, 0), (0, 0), (0, 0)]
=======

=======
[(5, 3), (5, 2), (4, 1), (3, 1)], [(2, 1), (1, 1), (0, 0), (0, 0), (0, 0), (0, 0)]
=======

=======
[(5, 3), (5, 2), (4, 1), (3, 1), (2, 1)], [(1, 1), (0, 0), (0, 0), (0, 0), (0, 0)]
=======

=======
[(5, 3), (5, 2), (4, 1), (3, 1), (2, 1), (1, 1)], [(0, 0), (0, 0), (0, 0), (0, 0)]
=======

=======
[(5, 3), (5, 2), (4, 1), (3, 1), (2, 1), (1, 1), (0, 0)], [(0, 0), (0, 0), (0, 0)]
=======

=======
[(5, 3), (5, 2), (4, 1), (3, 1), (2, 1), (1, 1), (0, 0), (0, 0)], [(0, 0), (0, 0)]
=======

=======
[(5, 3), (5, 2), (4, 1), (3, 1), (2, 1), (1, 1), (0, 0), (0, 0), (0, 0)], [(0, 0)]
=======

=======
[(5, 3)], [(5, 2), (4, 1), (3, 1), (2, 1), (1, 1), (0, 0), (0, 0), (0, 0), (0, 0)]
=======

=======
[(5, 4), (5, 3)], [(4, 1), (3, 1), (2, 1), (1, 1), (0, 0), (0, 0), (0, 0), (0, 0)]
=======

=======
[(5, 4), (5, 3), (5, 2)], [(3, 1), (2, 1), (1, 1), (0, 0), (0, 0), (0, 0), (0, 0)]
=======

=======
[(5, 4), (5, 3), (5, 2), (4, 2)], [(2, 1), (1, 1), (0, 0), (0, 0), (0, 0), (0, 0)]
=======

=======
[(5, 4), (5, 3), (5, 2), (4, 2), (3, 2)], [(1, 1), (0, 0), (0, 0), (0, 0), (0, 0)]
=======

=======
[(5, 4), (5, 3), (5, 2), (4, 2), (3, 2), (2, 2)], [(0, 0), (0, 0), (0, 0), (0, 0)]
=======

=======
[(5, 4), (5, 3), (5, 2), (4, 2), (3, 2), (2, 2), (0, 0)], [(0, 0), (0, 0), (0, 0)]
=======

=======
[(5, 4), (5, 3), (5, 2), (4, 2), (3, 2), (2, 2), (0, 0), (0, 0)], [(0, 0), (0, 0)]
=======

=======
[(5, 4), (5, 3), (5, 2), (4, 2), (3, 2), (2, 2), (0, 0), (0, 0), (0, 0)], [(0, 0)]
=======

=======
[(5, 4)], [(5, 3), (5, 2), (4, 2), (3, 2), (2, 2), (0, 0), (0, 0), (0, 0), (0, 0)]
=======

=======
[(5, 5), (5, 4)], [(5, 2), (4, 2), (3, 2), (2, 2), (0, 0), (0, 0), (0, 0), (0, 0)]
=======

=======
[(5, 5), (5, 4), (5, 3)], [(4, 2), (3, 2), (2, 2), (0, 0), (0, 0), (0, 0), (0, 0)]
=======

=======
[(5, 5), (5, 4), (5, 3), (4, 2)], [(3, 2), (2, 2), (0, 0), (0, 0), (0, 0), (0, 0)]
=======

=======
[(5, 5), (5, 4), (5, 3), (4, 2), (3, 2)], [(2, 2), (0, 0), (0, 0), (0, 0), (0, 0)]
=======

=======
[(5, 5), (5, 4), (5, 3), (4, 2), (3, 2), (2, 2)], [(0, 0), (0, 0), (0, 0), (0, 0)]
=======

=======
[(5, 5), (5, 4), (5, 3), (4, 2), (3, 2), (2, 2), (0, 0)], [(0, 0), (0, 0), (0, 0)]
=======

=======
[(5, 5), (5, 4), (5, 3), (4, 2), (3, 2), (2, 2), (0, 0), (0, 0)], [(0, 0), (0, 0)]
=======

=======
[(5, 5), (5, 4), (5, 3), (4, 2), (3, 2), (2, 2), (0, 0), (0, 0), (0, 0)], [(0, 0)]
=======

=======
[(5, 5)], [(5, 4), (5, 3), (4, 2), (3, 2), (2, 2), (0, 0), (0, 0), (0, 0), (0, 0)]
=======

=======
[(5, 6), (5, 5)], [(5, 3), (4, 2), (3, 2), (2, 2), (0, 0), (0, 0), (0, 0), (0, 0)]
=======

=======
[(5, 6), (5, 5), (5, 4)], [(4, 2), (3, 2), (2, 2), (0, 0), (0, 0), (0, 0), (0, 0)]
=======

=======
[(5, 6), (5, 5), (5, 4), (5, 3)], [(3, 2), (2, 2), (0, 0), (0, 0), (0, 0), (0, 0)]
=======

=======
[(5, 6), (5, 5), (5, 4), (5, 3), (4, 3)], [(2, 2), (0, 0), (0, 0), (0, 0), (0, 0)]
=======

=======
[(5, 6), (5, 5), (5, 4), (5, 3), (4, 3), (3, 3)], [(0, 0), (0, 0), (0, 0), (0, 0)]
=======

=======
[(5, 6), (5, 5), (5, 4), (5, 3), (4, 3), (3, 3), (0, 0)], [(0, 0), (0, 0), (0, 0)]
=======

=======
[(5, 6), (5, 5), (5, 4), (5, 3), (4, 3), (3, 3), (0, 0), (0, 0)], [(0, 0), (0, 0)]
=======

=======
[(5, 6), (5, 5), (5, 4), (5, 3), (4, 3), (3, 3), (0, 0), (0, 0), (0, 0)], [(0, 0)]
=======

=======
[(5, 6)], [(5, 5), (5, 4), (5, 3), (4, 3), (3, 3), (0, 0), (0, 0), (0, 0), (0, 0)]
=======

=======
[(5, 7), (5, 6)], [(5, 4), (5, 3), (4, 3), (3, 3), (0, 0), (0, 0), (0, 0), (0, 0)]
=======

=======
[(5, 7), (5, 6), (5, 5)], [(5, 3), (4, 3), (3, 3), (0, 0), (0, 0), (0, 0), (0, 0)]
=======

=======
[(5, 7), (5, 6), (5, 5), (5, 4)], [(4, 3), (3, 3), (0, 0), (0, 0), (0, 0), (0, 0)]
=======

=======
[(5, 7), (5, 6), (5, 5), (5, 4), (4, 3)], [(3, 3), (0, 0), (0, 0), (0, 0), (0, 0)]
=======

=======
[(5, 7), (5, 6), (5, 5), (5, 4), (4, 3), (3, 3)], [(0, 0), (0, 0), (0, 0), (0, 0)]
=======

=======
[(5, 7), (5, 6), (5, 5), (5, 4), (4, 3), (3, 3), (0, 0)], [(0, 0), (0, 0), (0, 0)]
=======

=======
[(5, 7), (5, 6), (5, 5), (5, 4), (4, 3), (3, 3), (0, 0), (0, 0)], [(0, 0), (0, 0)]
=======

=======
[(5, 7), (5, 6), (5, 5), (5, 4), (4, 3), (3, 3), (0, 0), (0, 0), (0, 0)], [(0, 0)]
=======

=======
[(5, 7)], [(5, 6), (5, 5), (5, 4), (4, 3), (3, 3), (0, 0), (0, 0), (0, 0), (0, 0)]
=======

=======
[(5, 8), (5, 7)], [(5, 5), (5, 4), (4, 3), (3, 3), (0, 0), (0, 0), (0, 0), (0, 0)]
=======

=======
[(5, 8), (5, 7), (5, 6)], [(5, 4), (4, 3), (3, 3), (0, 0), (0, 0), (0, 0), (0, 0)]
=======

=======
[(5, 8), (5, 7), (5, 6), (5, 5)], [(4, 3), (3, 3), (0, 0), (0, 0), (0, 0), (0, 0)]
=======

=======
[(5, 8), (5, 7), (5, 6), (5, 5), (5, 4)], [(3, 3), (0, 0), (0, 0), (0, 0), (0, 0)]
=======

=======
[(5, 8), (5, 7), (5, 6), (5, 5), (5, 4), (4, 4)], [(0, 0), (0, 0), (0, 0), (0, 0)]
=======

=======
[(5, 8), (5, 7), (5, 6), (5, 5), (5, 4), (4, 4), (0, 0)], [(0, 0), (0, 0), (0, 0)]
=======

=======
[(5, 8), (5, 7), (5, 6), (5, 5), (5, 4), (4, 4), (0, 0), (0, 0)], [(0, 0), (0, 0)]
=======

=======
[(5, 8), (5, 7), (5, 6), (5, 5), (5, 4), (4, 4), (0, 0), (0, 0), (0, 0)], [(0, 0)]
=======

 == L 8 ==
=======
[(5, 8)], [(5, 7), (5, 6), (5, 5), (5, 4), (4, 4), (0, 0), (0, 0), (0, 0), (0, 0)]
=======

=======
[(4, 8), (5, 7)], [(5, 6), (5, 5), (5, 4), (4, 4), (0, 0), (0, 0), (0, 0), (0, 0)]
=======

=======
[(4, 8), (5, 7), (5, 6)], [(5, 5), (5, 4), (4, 4), (0, 0), (0, 0), (0, 0), (0, 0)]
=======

=======
[(4, 8), (5, 7), (5, 6), (5, 5)], [(5, 4), (4, 4), (0, 0), (0, 0), (0, 0), (0, 0)]
=======

=======
[(4, 8), (5, 7), (5, 6), (5, 5), (5, 4)], [(4, 4), (0, 0), (0, 0), (0, 0), (0, 0)]
=======

=======
[(4, 8), (5, 7), (5, 6), (5, 5), (5, 4), (4, 4)], [(0, 0), (0, 0), (0, 0), (0, 0)]
=======

=======
[(4, 8), (5, 7), (5, 6), (5, 5), (5, 4), (4, 4), (0, 0)], [(0, 0), (0, 0), (0, 0)]
=======

=======
[(4, 8), (5, 7), (5, 6), (5, 5), (5, 4), (4, 4), (0, 0), (0, 0)], [(0, 0), (0, 0)]
=======

=======
[(4, 8), (5, 7), (5, 6), (5, 5), (5, 4), (4, 4), (0, 0), (0, 0), (0, 0)], [(0, 0)]
=======

=======
[(4, 8)], [(5, 7), (5, 6), (5, 5), (5, 4), (4, 4), (0, 0), (0, 0), (0, 0), (0, 0)]
=======

=======
[(3, 8), (4, 8)], [(5, 6), (5, 5), (5, 4), (4, 4), (0, 0), (0, 0), (0, 0), (0, 0)]
=======

=======
[(3, 8), (4, 8), (4, 5)], [(5, 5), (5, 4), (4, 4), (0, 0), (0, 0), (0, 0), (0, 0)]
=======

=======
[(3, 8), (4, 8), (4, 5), (5, 5)], [(5, 4), (4, 4), (0, 0), (0, 0), (0, 0), (0, 0)]
=======

=======
[(3, 8), (4, 8), (4, 5), (5, 5), (5, 4)], [(4, 4), (0, 0), (0, 0), (0, 0), (0, 0)]
=======

=======
[(3, 8), (4, 8), (4, 5), (5, 5), (5, 4), (4, 4)], [(0, 0), (0, 0), (0, 0), (0, 0)]
=======

=======
[(3, 8), (4, 8), (4, 5), (5, 5), (5, 4), (4, 4), (0, 0)], [(0, 0), (0, 0), (0, 0)]
=======

=======
[(3, 8), (4, 8), (4, 5), (5, 5), (5, 4), (4, 4), (0, 0), (0, 0)], [(0, 0), (0, 0)]
=======

=======
[(3, 8), (4, 8), (4, 5), (5, 5), (5, 4), (4, 4), (0, 0), (0, 0), (0, 0)], [(0, 0)]
=======

=======
[(3, 8)], [(4, 8), (4, 5), (5, 5), (5, 4), (4, 4), (0, 0), (0, 0), (0, 0), (0, 0)]
=======

=======
[(2, 8), (3, 8)], [(4, 5), (5, 5), (5, 4), (4, 4), (0, 0), (0, 0), (0, 0), (0, 0)]
=======

=======
[(2, 8), (3, 8), (3, 4)], [(5, 5), (5, 4), (4, 4), (0, 0), (0, 0), (0, 0), (0, 0)]
=======

=======
[(2, 8), (3, 8), (3, 4), (4, 4)], [(5, 4), (4, 4), (0, 0), (0, 0), (0, 0), (0, 0)]
=======

=======
[(2, 8), (3, 8), (3, 4), (4, 4), (5, 4)], [(4, 4), (0, 0), (0, 0), (0, 0), (0, 0)]
=======

=======
[(2, 8), (3, 8), (3, 4), (4, 4), (5, 4), (4, 4)], [(0, 0), (0, 0), (0, 0), (0, 0)]
=======

=======
[(2, 8), (3, 8), (3, 4), (4, 4), (5, 4), (4, 4), (0, 0)], [(0, 0), (0, 0), (0, 0)]
=======

=======
[(2, 8), (3, 8), (3, 4), (4, 4), (5, 4), (4, 4), (0, 0), (0, 0)], [(0, 0), (0, 0)]
=======

=======
[(2, 8), (3, 8), (3, 4), (4, 4), (5, 4), (4, 4), (0, 0), (0, 0), (0, 0)], [(0, 0)]
=======

=======
[(2, 8)], [(3, 8), (3, 4), (4, 4), (5, 4), (4, 4), (0, 0), (0, 0), (0, 0), (0, 0)]
=======

=======
[(1, 8), (2, 8)], [(3, 4), (4, 4), (5, 4), (4, 4), (0, 0), (0, 0), (0, 0), (0, 0)]
=======

=======
[(1, 8), (2, 8), (2, 3)], [(4, 4), (5, 4), (4, 4), (0, 0), (0, 0), (0, 0), (0, 0)]
=======

=======
[(1, 8), (2, 8), (2, 3), (3, 3)], [(5, 4), (4, 4), (0, 0), (0, 0), (0, 0), (0, 0)]
=======

=======
[(1, 8), (2, 8), (2, 3), (3, 3), (4, 3)], [(4, 4), (0, 0), (0, 0), (0, 0), (0, 0)]
=======

=======
[(1, 8), (2, 8), (2, 3), (3, 3), (4, 3), (4, 4)], [(0, 0), (0, 0), (0, 0), (0, 0)]
=======

=======
[(1, 8), (2, 8), (2, 3), (3, 3), (4, 3), (4, 4), (0, 0)], [(0, 0), (0, 0), (0, 0)]
=======

=======
[(1, 8), (2, 8), (2, 3), (3, 3), (4, 3), (4, 4), (0, 0), (0, 0)], [(0, 0), (0, 0)]
=======

=======
[(1, 8), (2, 8), (2, 3), (3, 3), (4, 3), (4, 4), (0, 0), (0, 0), (0, 0)], [(0, 0)]
=======

=======
[(1, 8)], [(2, 8), (2, 3), (3, 3), (4, 3), (4, 4), (0, 0), (0, 0), (0, 0), (0, 0)]
=======

=======
[(0, 8), (1, 8)], [(2, 3), (3, 3), (4, 3), (4, 4), (0, 0), (0, 0), (0, 0), (0, 0)]
=======

=======
[(0, 8), (1, 8), (1, 2)], [(3, 3), (4, 3), (4, 4), (0, 0), (0, 0), (0, 0), (0, 0)]
=======

=======
[(0, 8), (1, 8), (1, 2), (2, 2)], [(4, 3), (4, 4), (0, 0), (0, 0), (0, 0), (0, 0)]
=======

=======
[(0, 8), (1, 8), (1, 2), (2, 2), (3, 2)], [(4, 4), (0, 0), (0, 0), (0, 0), (0, 0)]
=======

=======
[(0, 8), (1, 8), (1, 2), (2, 2), (3, 2), (3, 3)], [(0, 0), (0, 0), (0, 0), (0, 0)]
=======

=======
[(0, 8), (1, 8), (1, 2), (2, 2), (3, 2), (3, 3), (0, 0)], [(0, 0), (0, 0), (0, 0)]
=======

=======
[(0, 8), (1, 8), (1, 2), (2, 2), (3, 2), (3, 3), (0, 0), (0, 0)], [(0, 0), (0, 0)]
=======

=======
[(0, 8), (1, 8), (1, 2), (2, 2), (3, 2), (3, 3), (0, 0), (0, 0), (0, 0)], [(0, 0)]
=======

=======
[(0, 8)], [(1, 8), (1, 2), (2, 2), (3, 2), (3, 3), (0, 0), (0, 0), (0, 0), (0, 0)]
=======

=======
[(-1, 8), (0, 8)], [(1, 2), (2, 2), (3, 2), (3, 3), (0, 0), (0, 0), (0, 0), (0, 0)]
=======

=======
[(-1, 8), (0, 8), (0, 1)], [(2, 2), (3, 2), (3, 3), (0, 0), (0, 0), (0, 0), (0, 0)]
=======

=======
[(-1, 8), (0, 8), (0, 1), (1, 1)], [(3, 2), (3, 3), (0, 0), (0, 0), (0, 0), (0, 0)]
=======

=======
[(-1, 8), (0, 8), (0, 1), (1, 1), (2, 1)], [(3, 3), (0, 0), (0, 0), (0, 0), (0, 0)]
=======

=======
[(-1, 8), (0, 8), (0, 1), (1, 1), (2, 1), (2, 2)], [(0, 0), (0, 0), (0, 0), (0, 0)]
=======

=======
[(-1, 8), (0, 8), (0, 1), (1, 1), (2, 1), (2, 2), (0, 0)], [(0, 0), (0, 0), (0, 0)]
=======

=======
[(-1, 8), (0, 8), (0, 1), (1, 1), (2, 1), (2, 2), (0, 0), (0, 0)], [(0, 0), (0, 0)]
=======

=======
[(-1, 8), (0, 8), (0, 1), (1, 1), (2, 1), (2, 2), (0, 0), (0, 0), (0, 0)], [(0, 0)]
=======

=======
[(-1, 8)], [(0, 8), (0, 1), (1, 1), (2, 1), (2, 2), (0, 0), (0, 0), (0, 0), (0, 0)]
=======

=======
[(-2, 8), (-1, 8)], [(0, 1), (1, 1), (2, 1), (2, 2), (0, 0), (0, 0), (0, 0), (0, 0)]
=======

=======
[(-2, 8), (-1, 8), (-1, 0)], [(1, 1), (2, 1), (2, 2), (0, 0), (0, 0), (0, 0), (0, 0)]
=======

=======
[(-2, 8), (-1, 8), (-1, 0), (0, 0)], [(2, 1), (2, 2), (0, 0), (0, 0), (0, 0), (0, 0)]
=======

=======
[(-2, 8), (-1, 8), (-1, 0), (0, 0), (1, 0)], [(2, 2), (0, 0), (0, 0), (0, 0), (0, 0)]
=======

=======
[(-2, 8), (-1, 8), (-1, 0), (0, 0), (1, 0), (1, 1)], [(0, 0), (0, 0), (0, 0), (0, 0)]
=======

=======
[(-2, 8), (-1, 8), (-1, 0), (0, 0), (1, 0), (1, 1), (0, 0)], [(0, 0), (0, 0), (0, 0)]
=======

=======
[(-2, 8), (-1, 8), (-1, 0), (0, 0), (1, 0), (1, 1), (0, 0), (0, 0)], [(0, 0), (0, 0)]
=======

=======
[(-2, 8), (-1, 8), (-1, 0), (0, 0), (1, 0), (1, 1), (0, 0), (0, 0), (0, 0)], [(0, 0)]
=======

=======
[(-2, 8)], [(-1, 8), (-1, 0), (0, 0), (1, 0), (1, 1), (0, 0), (0, 0), (0, 0), (0, 0)]
=======

=======
[(-3, 8), (-2, 8)], [(-1, 0), (0, 0), (1, 0), (1, 1), (0, 0), (0, 0), (0, 0), (0, 0)]
=======

=======
[(-3, 8), (-2, 8), (-2, -1)], [(0, 0), (1, 0), (1, 1), (0, 0), (0, 0), (0, 0), (0, 0)]
=======

=======
[(-3, 8), (-2, 8), (-2, -1), (-1, -1)], [(1, 0), (1, 1), (0, 0), (0, 0), (0, 0), (0, 0)]
=======

=======
[(-3, 8), (-2, 8), (-2, -1), (-1, -1), (0, -1)], [(1, 1), (0, 0), (0, 0), (0, 0), (0, 0)]
=======

=======
[(-3, 8), (-2, 8), (-2, -1), (-1, -1), (0, -1), (0, 0)], [(0, 0), (0, 0), (0, 0), (0, 0)]
=======

=======
[(-3, 8), (-2, 8), (-2, -1), (-1, -1), (0, -1), (0, 0), (0, 0)], [(0, 0), (0, 0), (0, 0)]
=======

=======
[(-3, 8), (-2, 8), (-2, -1), (-1, -1), (0, -1), (0, 0), (0, 0), (0, 0)], [(0, 0), (0, 0)]
=======

=======
[(-3, 8), (-2, 8), (-2, -1), (-1, -1), (0, -1), (0, 0), (0, 0), (0, 0), (0, 0)], [(0, 0)]
=======

 == D 3 ==
=======
[(-3, 8)], [(-2, 8), (-2, -1), (-1, -1), (0, -1), (0, 0), (0, 0), (0, 0), (0, 0), (0, 0)]
=======

=======
[(-3, 7), (-2, 8)], [(-2, -1), (-1, -1), (0, -1), (0, 0), (0, 0), (0, 0), (0, 0), (0, 0)]
=======

=======
[(-3, 7), (-2, 8), (-2, -2)], [(-1, -1), (0, -1), (0, 0), (0, 0), (0, 0), (0, 0), (0, 0)]
=======

=======
[(-3, 7), (-2, 8), (-2, -2), (-1, -1)], [(0, -1), (0, 0), (0, 0), (0, 0), (0, 0), (0, 0)]
=======

=======
[(-3, 7), (-2, 8), (-2, -2), (-1, -1), (0, -1)], [(0, 0), (0, 0), (0, 0), (0, 0), (0, 0)]
=======

=======
[(-3, 7), (-2, 8), (-2, -2), (-1, -1), (0, -1), (0, 0)], [(0, 0), (0, 0), (0, 0), (0, 0)]
=======

=======
[(-3, 7), (-2, 8), (-2, -2), (-1, -1), (0, -1), (0, 0), (0, 0)], [(0, 0), (0, 0), (0, 0)]
=======

=======
[(-3, 7), (-2, 8), (-2, -2), (-1, -1), (0, -1), (0, 0), (0, 0), (0, 0)], [(0, 0), (0, 0)]
=======

=======
[(-3, 7), (-2, 8), (-2, -2), (-1, -1), (0, -1), (0, 0), (0, 0), (0, 0), (0, 0)], [(0, 0)]
=======

=======
[(-3, 7)], [(-2, 8), (-2, -2), (-1, -1), (0, -1), (0, 0), (0, 0), (0, 0), (0, 0), (0, 0)]
=======

=======
[(-3, 6), (-3, 7)], [(-2, -2), (-1, -1), (0, -1), (0, 0), (0, 0), (0, 0), (0, 0), (0, 0)]
=======

=======
[(-3, 6), (-3, 7), (-3, -3)], [(-1, -1), (0, -1), (0, 0), (0, 0), (0, 0), (0, 0), (0, 0)]
=======

=======
[(-3, 6), (-3, 7), (-3, -3), (-1, -1)], [(0, -1), (0, 0), (0, 0), (0, 0), (0, 0), (0, 0)]
=======

=======
[(-3, 6), (-3, 7), (-3, -3), (-1, -1), (0, -1)], [(0, 0), (0, 0), (0, 0), (0, 0), (0, 0)]
=======

=======
[(-3, 6), (-3, 7), (-3, -3), (-1, -1), (0, -1), (0, 0)], [(0, 0), (0, 0), (0, 0), (0, 0)]
=======

=======
[(-3, 6), (-3, 7), (-3, -3), (-1, -1), (0, -1), (0, 0), (0, 0)], [(0, 0), (0, 0), (0, 0)]
=======

=======
[(-3, 6), (-3, 7), (-3, -3), (-1, -1), (0, -1), (0, 0), (0, 0), (0, 0)], [(0, 0), (0, 0)]
=======

=======
[(-3, 6), (-3, 7), (-3, -3), (-1, -1), (0, -1), (0, 0), (0, 0), (0, 0), (0, 0)], [(0, 0)]
=======

=======
[(-3, 6)], [(-3, 7), (-3, -3), (-1, -1), (0, -1), (0, 0), (0, 0), (0, 0), (0, 0), (0, 0)]
=======

=======
[(-3, 5), (-3, 6)], [(-3, -3), (-1, -1), (0, -1), (0, 0), (0, 0), (0, 0), (0, 0), (0, 0)]
=======

=======
[(-3, 5), (-3, 6), (-3, -4)], [(-1, -1), (0, -1), (0, 0), (0, 0), (0, 0), (0, 0), (0, 0)]
=======

=======
[(-3, 5), (-3, 6), (-3, -4), (-1, -1)], [(0, -1), (0, 0), (0, 0), (0, 0), (0, 0), (0, 0)]
=======

=======
[(-3, 5), (-3, 6), (-3, -4), (-1, -1), (0, -1)], [(0, 0), (0, 0), (0, 0), (0, 0), (0, 0)]
=======

=======
[(-3, 5), (-3, 6), (-3, -4), (-1, -1), (0, -1), (0, 0)], [(0, 0), (0, 0), (0, 0), (0, 0)]
=======

=======
[(-3, 5), (-3, 6), (-3, -4), (-1, -1), (0, -1), (0, 0), (0, 0)], [(0, 0), (0, 0), (0, 0)]
=======

=======
[(-3, 5), (-3, 6), (-3, -4), (-1, -1), (0, -1), (0, 0), (0, 0), (0, 0)], [(0, 0), (0, 0)]
=======

=======
[(-3, 5), (-3, 6), (-3, -4), (-1, -1), (0, -1), (0, 0), (0, 0), (0, 0), (0, 0)], [(0, 0)]
=======

 == R 17 ==
=======
[(-3, 5)], [(-3, 6), (-3, -4), (-1, -1), (0, -1), (0, 0), (0, 0), (0, 0), (0, 0), (0, 0)]
=======

=======
[(-2, 5), (-3, 6)], [(-3, -4), (-1, -1), (0, -1), (0, 0), (0, 0), (0, 0), (0, 0), (0, 0)]
=======

=======
[(-2, 5), (-3, 6), (-3, -3)], [(-1, -1), (0, -1), (0, 0), (0, 0), (0, 0), (0, 0), (0, 0)]
=======

=======
[(-2, 5), (-3, 6), (-3, -3), (-1, -1)], [(0, -1), (0, 0), (0, 0), (0, 0), (0, 0), (0, 0)]
=======

=======
[(-2, 5), (-3, 6), (-3, -3), (-1, -1), (0, -1)], [(0, 0), (0, 0), (0, 0), (0, 0), (0, 0)]
=======

=======
[(-2, 5), (-3, 6), (-3, -3), (-1, -1), (0, -1), (0, 0)], [(0, 0), (0, 0), (0, 0), (0, 0)]
=======

=======
[(-2, 5), (-3, 6), (-3, -3), (-1, -1), (0, -1), (0, 0), (0, 0)], [(0, 0), (0, 0), (0, 0)]
=======

=======
[(-2, 5), (-3, 6), (-3, -3), (-1, -1), (0, -1), (0, 0), (0, 0), (0, 0)], [(0, 0), (0, 0)]
=======

=======
[(-2, 5), (-3, 6), (-3, -3), (-1, -1), (0, -1), (0, 0), (0, 0), (0, 0), (0, 0)], [(0, 0)]
=======

=======
[(-2, 5)], [(-3, 6), (-3, -3), (-1, -1), (0, -1), (0, 0), (0, 0), (0, 0), (0, 0), (0, 0)]
=======

=======
[(-1, 5), (-2, 5)], [(-3, -3), (-1, -1), (0, -1), (0, 0), (0, 0), (0, 0), (0, 0), (0, 0)]
=======

=======
[(-1, 5), (-2, 5), (-2, -2)], [(-1, -1), (0, -1), (0, 0), (0, 0), (0, 0), (0, 0), (0, 0)]
=======

=======
[(-1, 5), (-2, 5), (-2, -2), (-1, -1)], [(0, -1), (0, 0), (0, 0), (0, 0), (0, 0), (0, 0)]
=======

=======
[(-1, 5), (-2, 5), (-2, -2), (-1, -1), (0, -1)], [(0, 0), (0, 0), (0, 0), (0, 0), (0, 0)]
=======

=======
[(-1, 5), (-2, 5), (-2, -2), (-1, -1), (0, -1), (0, 0)], [(0, 0), (0, 0), (0, 0), (0, 0)]
=======

=======
[(-1, 5), (-2, 5), (-2, -2), (-1, -1), (0, -1), (0, 0), (0, 0)], [(0, 0), (0, 0), (0, 0)]
=======

=======
[(-1, 5), (-2, 5), (-2, -2), (-1, -1), (0, -1), (0, 0), (0, 0), (0, 0)], [(0, 0), (0, 0)]
=======

=======
[(-1, 5), (-2, 5), (-2, -2), (-1, -1), (0, -1), (0, 0), (0, 0), (0, 0), (0, 0)], [(0, 0)]
=======

=======
[(-1, 5)], [(-2, 5), (-2, -2), (-1, -1), (0, -1), (0, 0), (0, 0), (0, 0), (0, 0), (0, 0)]
=======

=======
[(0, 5), (-1, 5)], [(-2, -2), (-1, -1), (0, -1), (0, 0), (0, 0), (0, 0), (0, 0), (0, 0)]
=======

=======
[(0, 5), (-1, 5), (-1, -1)], [(-1, -1), (0, -1), (0, 0), (0, 0), (0, 0), (0, 0), (0, 0)]
=======

=======
[(0, 5), (-1, 5), (-1, -1), (-1, -1)], [(0, -1), (0, 0), (0, 0), (0, 0), (0, 0), (0, 0)]
=======

=======
[(0, 5), (-1, 5), (-1, -1), (-1, -1), (0, -1)], [(0, 0), (0, 0), (0, 0), (0, 0), (0, 0)]
=======

=======
[(0, 5), (-1, 5), (-1, -1), (-1, -1), (0, -1), (0, 0)], [(0, 0), (0, 0), (0, 0), (0, 0)]
=======

=======
[(0, 5), (-1, 5), (-1, -1), (-1, -1), (0, -1), (0, 0), (0, 0)], [(0, 0), (0, 0), (0, 0)]
=======

=======
[(0, 5), (-1, 5), (-1, -1), (-1, -1), (0, -1), (0, 0), (0, 0), (0, 0)], [(0, 0), (0, 0)]
=======

=======
[(0, 5), (-1, 5), (-1, -1), (-1, -1), (0, -1), (0, 0), (0, 0), (0, 0), (0, 0)], [(0, 0)]
=======

=======
[(0, 5)], [(-1, 5), (-1, -1), (-1, -1), (0, -1), (0, 0), (0, 0), (0, 0), (0, 0), (0, 0)]
=======

=======
[(1, 5), (0, 5)], [(-1, -1), (-1, -1), (0, -1), (0, 0), (0, 0), (0, 0), (0, 0), (0, 0)]
=======

=======
[(1, 5), (0, 5), (0, 0)], [(-1, -1), (0, -1), (0, 0), (0, 0), (0, 0), (0, 0), (0, 0)]
=======

=======
[(1, 5), (0, 5), (0, 0), (-1, -1)], [(0, -1), (0, 0), (0, 0), (0, 0), (0, 0), (0, 0)]
=======

=======
[(1, 5), (0, 5), (0, 0), (-1, -1), (0, -1)], [(0, 0), (0, 0), (0, 0), (0, 0), (0, 0)]
=======

=======
[(1, 5), (0, 5), (0, 0), (-1, -1), (0, -1), (0, 0)], [(0, 0), (0, 0), (0, 0), (0, 0)]
=======

=======
[(1, 5), (0, 5), (0, 0), (-1, -1), (0, -1), (0, 0), (0, 0)], [(0, 0), (0, 0), (0, 0)]
=======

=======
[(1, 5), (0, 5), (0, 0), (-1, -1), (0, -1), (0, 0), (0, 0), (0, 0)], [(0, 0), (0, 0)]
=======

=======
[(1, 5), (0, 5), (0, 0), (-1, -1), (0, -1), (0, 0), (0, 0), (0, 0), (0, 0)], [(0, 0)]
=======

=======
[(1, 5)], [(0, 5), (0, 0), (-1, -1), (0, -1), (0, 0), (0, 0), (0, 0), (0, 0), (0, 0)]
=======

=======
[(2, 5), (1, 5)], [(0, 0), (-1, -1), (0, -1), (0, 0), (0, 0), (0, 0), (0, 0), (0, 0)]
=======

=======
[(2, 5), (1, 5), (1, 1)], [(-1, -1), (0, -1), (0, 0), (0, 0), (0, 0), (0, 0), (0, 0)]
=======

=======
[(2, 5), (1, 5), (1, 1), (-1, -1)], [(0, -1), (0, 0), (0, 0), (0, 0), (0, 0), (0, 0)]
=======

=======
[(2, 5), (1, 5), (1, 1), (-1, -1), (0, -1)], [(0, 0), (0, 0), (0, 0), (0, 0), (0, 0)]
=======

=======
[(2, 5), (1, 5), (1, 1), (-1, -1), (0, -1), (0, 0)], [(0, 0), (0, 0), (0, 0), (0, 0)]
=======

=======
[(2, 5), (1, 5), (1, 1), (-1, -1), (0, -1), (0, 0), (0, 0)], [(0, 0), (0, 0), (0, 0)]
=======

=======
[(2, 5), (1, 5), (1, 1), (-1, -1), (0, -1), (0, 0), (0, 0), (0, 0)], [(0, 0), (0, 0)]
=======

=======
[(2, 5), (1, 5), (1, 1), (-1, -1), (0, -1), (0, 0), (0, 0), (0, 0), (0, 0)], [(0, 0)]
=======

=======
[(2, 5)], [(1, 5), (1, 1), (-1, -1), (0, -1), (0, 0), (0, 0), (0, 0), (0, 0), (0, 0)]
=======

=======
[(3, 5), (2, 5)], [(1, 1), (-1, -1), (0, -1), (0, 0), (0, 0), (0, 0), (0, 0), (0, 0)]
=======

=======
[(3, 5), (2, 5), (2, 2)], [(-1, -1), (0, -1), (0, 0), (0, 0), (0, 0), (0, 0), (0, 0)]
=======

=======
[(3, 5), (2, 5), (2, 2), (-1, -1)], [(0, -1), (0, 0), (0, 0), (0, 0), (0, 0), (0, 0)]
=======

=======
[(3, 5), (2, 5), (2, 2), (-1, -1), (0, -1)], [(0, 0), (0, 0), (0, 0), (0, 0), (0, 0)]
=======

=======
[(3, 5), (2, 5), (2, 2), (-1, -1), (0, -1), (0, 0)], [(0, 0), (0, 0), (0, 0), (0, 0)]
=======

=======
[(3, 5), (2, 5), (2, 2), (-1, -1), (0, -1), (0, 0), (0, 0)], [(0, 0), (0, 0), (0, 0)]
=======

=======
[(3, 5), (2, 5), (2, 2), (-1, -1), (0, -1), (0, 0), (0, 0), (0, 0)], [(0, 0), (0, 0)]
=======

=======
[(3, 5), (2, 5), (2, 2), (-1, -1), (0, -1), (0, 0), (0, 0), (0, 0), (0, 0)], [(0, 0)]
=======

=======
[(3, 5)], [(2, 5), (2, 2), (-1, -1), (0, -1), (0, 0), (0, 0), (0, 0), (0, 0), (0, 0)]
=======

=======
[(4, 5), (3, 5)], [(2, 2), (-1, -1), (0, -1), (0, 0), (0, 0), (0, 0), (0, 0), (0, 0)]
=======

=======
[(4, 5), (3, 5), (3, 3)], [(-1, -1), (0, -1), (0, 0), (0, 0), (0, 0), (0, 0), (0, 0)]
=======

=======
[(4, 5), (3, 5), (3, 3), (-1, -1)], [(0, -1), (0, 0), (0, 0), (0, 0), (0, 0), (0, 0)]
=======

=======
[(4, 5), (3, 5), (3, 3), (-1, -1), (0, -1)], [(0, 0), (0, 0), (0, 0), (0, 0), (0, 0)]
=======

=======
[(4, 5), (3, 5), (3, 3), (-1, -1), (0, -1), (0, 0)], [(0, 0), (0, 0), (0, 0), (0, 0)]
=======

=======
[(4, 5), (3, 5), (3, 3), (-1, -1), (0, -1), (0, 0), (0, 0)], [(0, 0), (0, 0), (0, 0)]
=======

=======
[(4, 5), (3, 5), (3, 3), (-1, -1), (0, -1), (0, 0), (0, 0), (0, 0)], [(0, 0), (0, 0)]
=======

=======
[(4, 5), (3, 5), (3, 3), (-1, -1), (0, -1), (0, 0), (0, 0), (0, 0), (0, 0)], [(0, 0)]
=======

=======
[(4, 5)], [(3, 5), (3, 3), (-1, -1), (0, -1), (0, 0), (0, 0), (0, 0), (0, 0), (0, 0)]
=======

=======
[(5, 5), (4, 5)], [(3, 3), (-1, -1), (0, -1), (0, 0), (0, 0), (0, 0), (0, 0), (0, 0)]
=======

=======
[(5, 5), (4, 5), (4, 4)], [(-1, -1), (0, -1), (0, 0), (0, 0), (0, 0), (0, 0), (0, 0)]
=======

=======
[(5, 5), (4, 5), (4, 4), (-1, -1)], [(0, -1), (0, 0), (0, 0), (0, 0), (0, 0), (0, 0)]
=======

=======
[(5, 5), (4, 5), (4, 4), (-1, -1), (0, -1)], [(0, 0), (0, 0), (0, 0), (0, 0), (0, 0)]
=======

=======
[(5, 5), (4, 5), (4, 4), (-1, -1), (0, -1), (0, 0)], [(0, 0), (0, 0), (0, 0), (0, 0)]
=======

=======
[(5, 5), (4, 5), (4, 4), (-1, -1), (0, -1), (0, 0), (0, 0)], [(0, 0), (0, 0), (0, 0)]
=======

=======
[(5, 5), (4, 5), (4, 4), (-1, -1), (0, -1), (0, 0), (0, 0), (0, 0)], [(0, 0), (0, 0)]
=======

=======
[(5, 5), (4, 5), (4, 4), (-1, -1), (0, -1), (0, 0), (0, 0), (0, 0), (0, 0)], [(0, 0)]
=======

=======
[(5, 5)], [(4, 5), (4, 4), (-1, -1), (0, -1), (0, 0), (0, 0), (0, 0), (0, 0), (0, 0)]
=======

=======
[(6, 5), (5, 5)], [(4, 4), (-1, -1), (0, -1), (0, 0), (0, 0), (0, 0), (0, 0), (0, 0)]
=======

=======
[(6, 5), (5, 5), (4, 4)], [(-1, -1), (0, -1), (0, 0), (0, 0), (0, 0), (0, 0), (0, 0)]
=======

=======
[(6, 5), (5, 5), (4, 4), (-1, -1)], [(0, -1), (0, 0), (0, 0), (0, 0), (0, 0), (0, 0)]
=======

=======
[(6, 5), (5, 5), (4, 4), (-1, -1), (0, -1)], [(0, 0), (0, 0), (0, 0), (0, 0), (0, 0)]
=======

=======
[(6, 5), (5, 5), (4, 4), (-1, -1), (0, -1), (0, 0)], [(0, 0), (0, 0), (0, 0), (0, 0)]
=======

=======
[(6, 5), (5, 5), (4, 4), (-1, -1), (0, -1), (0, 0), (0, 0)], [(0, 0), (0, 0), (0, 0)]
=======

=======
[(6, 5), (5, 5), (4, 4), (-1, -1), (0, -1), (0, 0), (0, 0), (0, 0)], [(0, 0), (0, 0)]
=======

=======
[(6, 5), (5, 5), (4, 4), (-1, -1), (0, -1), (0, 0), (0, 0), (0, 0), (0, 0)], [(0, 0)]
=======

=======
[(6, 5)], [(5, 5), (4, 4), (-1, -1), (0, -1), (0, 0), (0, 0), (0, 0), (0, 0), (0, 0)]
=======

=======
[(7, 5), (6, 5)], [(4, 4), (-1, -1), (0, -1), (0, 0), (0, 0), (0, 0), (0, 0), (0, 0)]
=======

=======
[(7, 5), (6, 5), (5, 5)], [(-1, -1), (0, -1), (0, 0), (0, 0), (0, 0), (0, 0), (0, 0)]
=======

=======
[(7, 5), (6, 5), (5, 5), (-1, -1)], [(0, -1), (0, 0), (0, 0), (0, 0), (0, 0), (0, 0)]
=======

=======
[(7, 5), (6, 5), (5, 5), (-1, -1), (0, -1)], [(0, 0), (0, 0), (0, 0), (0, 0), (0, 0)]
=======

=======
[(7, 5), (6, 5), (5, 5), (-1, -1), (0, -1), (0, 0)], [(0, 0), (0, 0), (0, 0), (0, 0)]
=======

=======
[(7, 5), (6, 5), (5, 5), (-1, -1), (0, -1), (0, 0), (0, 0)], [(0, 0), (0, 0), (0, 0)]
=======

=======
[(7, 5), (6, 5), (5, 5), (-1, -1), (0, -1), (0, 0), (0, 0), (0, 0)], [(0, 0), (0, 0)]
=======

=======
[(7, 5), (6, 5), (5, 5), (-1, -1), (0, -1), (0, 0), (0, 0), (0, 0), (0, 0)], [(0, 0)]
=======

=======
[(7, 5)], [(6, 5), (5, 5), (-1, -1), (0, -1), (0, 0), (0, 0), (0, 0), (0, 0), (0, 0)]
=======

=======
[(8, 5), (7, 5)], [(5, 5), (-1, -1), (0, -1), (0, 0), (0, 0), (0, 0), (0, 0), (0, 0)]
=======

=======
[(8, 5), (7, 5), (6, 5)], [(-1, -1), (0, -1), (0, 0), (0, 0), (0, 0), (0, 0), (0, 0)]
=======

=======
[(8, 5), (7, 5), (6, 5), (-1, -1)], [(0, -1), (0, 0), (0, 0), (0, 0), (0, 0), (0, 0)]
=======

=======
[(8, 5), (7, 5), (6, 5), (-1, -1), (0, -1)], [(0, 0), (0, 0), (0, 0), (0, 0), (0, 0)]
=======

=======
[(8, 5), (7, 5), (6, 5), (-1, -1), (0, -1), (0, 0)], [(0, 0), (0, 0), (0, 0), (0, 0)]
=======

=======
[(8, 5), (7, 5), (6, 5), (-1, -1), (0, -1), (0, 0), (0, 0)], [(0, 0), (0, 0), (0, 0)]
=======

=======
[(8, 5), (7, 5), (6, 5), (-1, -1), (0, -1), (0, 0), (0, 0), (0, 0)], [(0, 0), (0, 0)]
=======

=======
[(8, 5), (7, 5), (6, 5), (-1, -1), (0, -1), (0, 0), (0, 0), (0, 0), (0, 0)], [(0, 0)]
=======

=======
[(8, 5)], [(7, 5), (6, 5), (-1, -1), (0, -1), (0, 0), (0, 0), (0, 0), (0, 0), (0, 0)]
=======

=======
[(9, 5), (8, 5)], [(6, 5), (-1, -1), (0, -1), (0, 0), (0, 0), (0, 0), (0, 0), (0, 0)]
=======

=======
[(9, 5), (8, 5), (7, 5)], [(-1, -1), (0, -1), (0, 0), (0, 0), (0, 0), (0, 0), (0, 0)]
=======

=======
[(9, 5), (8, 5), (7, 5), (-1, -1)], [(0, -1), (0, 0), (0, 0), (0, 0), (0, 0), (0, 0)]
=======

=======
[(9, 5), (8, 5), (7, 5), (-1, -1), (0, -1)], [(0, 0), (0, 0), (0, 0), (0, 0), (0, 0)]
=======

=======
[(9, 5), (8, 5), (7, 5), (-1, -1), (0, -1), (0, 0)], [(0, 0), (0, 0), (0, 0), (0, 0)]
=======

=======
[(9, 5), (8, 5), (7, 5), (-1, -1), (0, -1), (0, 0), (0, 0)], [(0, 0), (0, 0), (0, 0)]
=======

=======
[(9, 5), (8, 5), (7, 5), (-1, -1), (0, -1), (0, 0), (0, 0), (0, 0)], [(0, 0), (0, 0)]
=======

=======
[(9, 5), (8, 5), (7, 5), (-1, -1), (0, -1), (0, 0), (0, 0), (0, 0), (0, 0)], [(0, 0)]
=======

=======
[(9, 5)], [(8, 5), (7, 5), (-1, -1), (0, -1), (0, 0), (0, 0), (0, 0), (0, 0), (0, 0)]
=======

=======
[(10, 5), (9, 5)], [(7, 5), (-1, -1), (0, -1), (0, 0), (0, 0), (0, 0), (0, 0), (0, 0)]
=======

=======
[(10, 5), (9, 5), (8, 5)], [(-1, -1), (0, -1), (0, 0), (0, 0), (0, 0), (0, 0), (0, 0)]
=======

=======
[(10, 5), (9, 5), (8, 5), (-1, -1)], [(0, -1), (0, 0), (0, 0), (0, 0), (0, 0), (0, 0)]
=======

=======
[(10, 5), (9, 5), (8, 5), (-1, -1), (0, -1)], [(0, 0), (0, 0), (0, 0), (0, 0), (0, 0)]
=======

=======
[(10, 5), (9, 5), (8, 5), (-1, -1), (0, -1), (0, 0)], [(0, 0), (0, 0), (0, 0), (0, 0)]
=======

=======
[(10, 5), (9, 5), (8, 5), (-1, -1), (0, -1), (0, 0), (0, 0)], [(0, 0), (0, 0), (0, 0)]
=======

=======
[(10, 5), (9, 5), (8, 5), (-1, -1), (0, -1), (0, 0), (0, 0), (0, 0)], [(0, 0), (0, 0)]
=======

=======
[(10, 5), (9, 5), (8, 5), (-1, -1), (0, -1), (0, 0), (0, 0), (0, 0), (0, 0)], [(0, 0)]
=======

=======
[(10, 5)], [(9, 5), (8, 5), (-1, -1), (0, -1), (0, 0), (0, 0), (0, 0), (0, 0), (0, 0)]
=======

=======
[(11, 5), (10, 5)], [(8, 5), (-1, -1), (0, -1), (0, 0), (0, 0), (0, 0), (0, 0), (0, 0)]
=======

=======
[(11, 5), (10, 5), (9, 5)], [(-1, -1), (0, -1), (0, 0), (0, 0), (0, 0), (0, 0), (0, 0)]
=======

=======
[(11, 5), (10, 5), (9, 5), (-1, -1)], [(0, -1), (0, 0), (0, 0), (0, 0), (0, 0), (0, 0)]
=======

=======
[(11, 5), (10, 5), (9, 5), (-1, -1), (0, -1)], [(0, 0), (0, 0), (0, 0), (0, 0), (0, 0)]
=======

=======
[(11, 5), (10, 5), (9, 5), (-1, -1), (0, -1), (0, 0)], [(0, 0), (0, 0), (0, 0), (0, 0)]
=======

=======
[(11, 5), (10, 5), (9, 5), (-1, -1), (0, -1), (0, 0), (0, 0)], [(0, 0), (0, 0), (0, 0)]
=======

=======
[(11, 5), (10, 5), (9, 5), (-1, -1), (0, -1), (0, 0), (0, 0), (0, 0)], [(0, 0), (0, 0)]
=======

=======
[(11, 5), (10, 5), (9, 5), (-1, -1), (0, -1), (0, 0), (0, 0), (0, 0), (0, 0)], [(0, 0)]
=======

=======
[(11, 5)], [(10, 5), (9, 5), (-1, -1), (0, -1), (0, 0), (0, 0), (0, 0), (0, 0), (0, 0)]
=======

=======
[(12, 5), (11, 5)], [(9, 5), (-1, -1), (0, -1), (0, 0), (0, 0), (0, 0), (0, 0), (0, 0)]
=======

=======
[(12, 5), (11, 5), (10, 5)], [(-1, -1), (0, -1), (0, 0), (0, 0), (0, 0), (0, 0), (0, 0)]
=======

=======
[(12, 5), (11, 5), (10, 5), (-1, -1)], [(0, -1), (0, 0), (0, 0), (0, 0), (0, 0), (0, 0)]
=======

=======
[(12, 5), (11, 5), (10, 5), (-1, -1), (0, -1)], [(0, 0), (0, 0), (0, 0), (0, 0), (0, 0)]
=======

=======
[(12, 5), (11, 5), (10, 5), (-1, -1), (0, -1), (0, 0)], [(0, 0), (0, 0), (0, 0), (0, 0)]
=======

=======
[(12, 5), (11, 5), (10, 5), (-1, -1), (0, -1), (0, 0), (0, 0)], [(0, 0), (0, 0), (0, 0)]
=======

=======
[(12, 5), (11, 5), (10, 5), (-1, -1), (0, -1), (0, 0), (0, 0), (0, 0)], [(0, 0), (0, 0)]
=======

=======
[(12, 5), (11, 5), (10, 5), (-1, -1), (0, -1), (0, 0), (0, 0), (0, 0), (0, 0)], [(0, 0)]
=======

=======
[(12, 5)], [(11, 5), (10, 5), (-1, -1), (0, -1), (0, 0), (0, 0), (0, 0), (0, 0), (0, 0)]
=======

=======
[(13, 5), (12, 5)], [(10, 5), (-1, -1), (0, -1), (0, 0), (0, 0), (0, 0), (0, 0), (0, 0)]
=======

=======
[(13, 5), (12, 5), (11, 5)], [(-1, -1), (0, -1), (0, 0), (0, 0), (0, 0), (0, 0), (0, 0)]
=======

=======
[(13, 5), (12, 5), (11, 5), (-1, -1)], [(0, -1), (0, 0), (0, 0), (0, 0), (0, 0), (0, 0)]
=======

=======
[(13, 5), (12, 5), (11, 5), (-1, -1), (0, -1)], [(0, 0), (0, 0), (0, 0), (0, 0), (0, 0)]
=======

=======
[(13, 5), (12, 5), (11, 5), (-1, -1), (0, -1), (0, 0)], [(0, 0), (0, 0), (0, 0), (0, 0)]
=======

=======
[(13, 5), (12, 5), (11, 5), (-1, -1), (0, -1), (0, 0), (0, 0)], [(0, 0), (0, 0), (0, 0)]
=======

=======
[(13, 5), (12, 5), (11, 5), (-1, -1), (0, -1), (0, 0), (0, 0), (0, 0)], [(0, 0), (0, 0)]
=======

=======
[(13, 5), (12, 5), (11, 5), (-1, -1), (0, -1), (0, 0), (0, 0), (0, 0), (0, 0)], [(0, 0)]
=======

=======
[(13, 5)], [(12, 5), (11, 5), (-1, -1), (0, -1), (0, 0), (0, 0), (0, 0), (0, 0), (0, 0)]
=======

=======
[(14, 5), (13, 5)], [(11, 5), (-1, -1), (0, -1), (0, 0), (0, 0), (0, 0), (0, 0), (0, 0)]
=======

=======
[(14, 5), (13, 5), (12, 5)], [(-1, -1), (0, -1), (0, 0), (0, 0), (0, 0), (0, 0), (0, 0)]
=======

=======
[(14, 5), (13, 5), (12, 5), (-1, -1)], [(0, -1), (0, 0), (0, 0), (0, 0), (0, 0), (0, 0)]
=======

=======
[(14, 5), (13, 5), (12, 5), (-1, -1), (0, -1)], [(0, 0), (0, 0), (0, 0), (0, 0), (0, 0)]
=======

=======
[(14, 5), (13, 5), (12, 5), (-1, -1), (0, -1), (0, 0)], [(0, 0), (0, 0), (0, 0), (0, 0)]
=======

=======
[(14, 5), (13, 5), (12, 5), (-1, -1), (0, -1), (0, 0), (0, 0)], [(0, 0), (0, 0), (0, 0)]
=======

=======
[(14, 5), (13, 5), (12, 5), (-1, -1), (0, -1), (0, 0), (0, 0), (0, 0)], [(0, 0), (0, 0)]
=======

=======
[(14, 5), (13, 5), (12, 5), (-1, -1), (0, -1), (0, 0), (0, 0), (0, 0), (0, 0)], [(0, 0)]
=======

 == D 10 ==
=======
[(14, 5)], [(13, 5), (12, 5), (-1, -1), (0, -1), (0, 0), (0, 0), (0, 0), (0, 0), (0, 0)]
=======

=======
[(14, 4), (13, 5)], [(12, 5), (-1, -1), (0, -1), (0, 0), (0, 0), (0, 0), (0, 0), (0, 0)]
=======

=======
[(14, 4), (13, 5), (12, 5)], [(-1, -1), (0, -1), (0, 0), (0, 0), (0, 0), (0, 0), (0, 0)]
=======

=======
[(14, 4), (13, 5), (12, 5), (-1, -1)], [(0, -1), (0, 0), (0, 0), (0, 0), (0, 0), (0, 0)]
=======

=======
[(14, 4), (13, 5), (12, 5), (-1, -1), (0, -1)], [(0, 0), (0, 0), (0, 0), (0, 0), (0, 0)]
=======

=======
[(14, 4), (13, 5), (12, 5), (-1, -1), (0, -1), (0, 0)], [(0, 0), (0, 0), (0, 0), (0, 0)]
=======

=======
[(14, 4), (13, 5), (12, 5), (-1, -1), (0, -1), (0, 0), (0, 0)], [(0, 0), (0, 0), (0, 0)]
=======

=======
[(14, 4), (13, 5), (12, 5), (-1, -1), (0, -1), (0, 0), (0, 0), (0, 0)], [(0, 0), (0, 0)]
=======

=======
[(14, 4), (13, 5), (12, 5), (-1, -1), (0, -1), (0, 0), (0, 0), (0, 0), (0, 0)], [(0, 0)]
=======

=======
[(14, 4)], [(13, 5), (12, 5), (-1, -1), (0, -1), (0, 0), (0, 0), (0, 0), (0, 0), (0, 0)]
=======

=======
[(14, 3), (14, 4)], [(12, 5), (-1, -1), (0, -1), (0, 0), (0, 0), (0, 0), (0, 0), (0, 0)]
=======

=======
[(14, 3), (14, 4), (11, 4)], [(-1, -1), (0, -1), (0, 0), (0, 0), (0, 0), (0, 0), (0, 0)]
=======

=======
[(14, 3), (14, 4), (11, 4), (-1, -1)], [(0, -1), (0, 0), (0, 0), (0, 0), (0, 0), (0, 0)]
=======

=======
[(14, 3), (14, 4), (11, 4), (-1, -1), (0, -1)], [(0, 0), (0, 0), (0, 0), (0, 0), (0, 0)]
=======

=======
[(14, 3), (14, 4), (11, 4), (-1, -1), (0, -1), (0, 0)], [(0, 0), (0, 0), (0, 0), (0, 0)]
=======

=======
[(14, 3), (14, 4), (11, 4), (-1, -1), (0, -1), (0, 0), (0, 0)], [(0, 0), (0, 0), (0, 0)]
=======

=======
[(14, 3), (14, 4), (11, 4), (-1, -1), (0, -1), (0, 0), (0, 0), (0, 0)], [(0, 0), (0, 0)]
=======

=======
[(14, 3), (14, 4), (11, 4), (-1, -1), (0, -1), (0, 0), (0, 0), (0, 0), (0, 0)], [(0, 0)]
=======

=======
[(14, 3)], [(14, 4), (11, 4), (-1, -1), (0, -1), (0, 0), (0, 0), (0, 0), (0, 0), (0, 0)]
=======

=======
[(14, 2), (14, 3)], [(11, 4), (-1, -1), (0, -1), (0, 0), (0, 0), (0, 0), (0, 0), (0, 0)]
=======

=======
[(14, 2), (14, 3), (10, 3)], [(-1, -1), (0, -1), (0, 0), (0, 0), (0, 0), (0, 0), (0, 0)]
=======

=======
[(14, 2), (14, 3), (10, 3), (-1, -1)], [(0, -1), (0, 0), (0, 0), (0, 0), (0, 0), (0, 0)]
=======

=======
[(14, 2), (14, 3), (10, 3), (-1, -1), (0, -1)], [(0, 0), (0, 0), (0, 0), (0, 0), (0, 0)]
=======

=======
[(14, 2), (14, 3), (10, 3), (-1, -1), (0, -1), (0, 0)], [(0, 0), (0, 0), (0, 0), (0, 0)]
=======

=======
[(14, 2), (14, 3), (10, 3), (-1, -1), (0, -1), (0, 0), (0, 0)], [(0, 0), (0, 0), (0, 0)]
=======

=======
[(14, 2), (14, 3), (10, 3), (-1, -1), (0, -1), (0, 0), (0, 0), (0, 0)], [(0, 0), (0, 0)]
=======

=======
[(14, 2), (14, 3), (10, 3), (-1, -1), (0, -1), (0, 0), (0, 0), (0, 0), (0, 0)], [(0, 0)]
=======

=======
[(14, 2)], [(14, 3), (10, 3), (-1, -1), (0, -1), (0, 0), (0, 0), (0, 0), (0, 0), (0, 0)]
=======

=======
[(14, 1), (14, 2)], [(10, 3), (-1, -1), (0, -1), (0, 0), (0, 0), (0, 0), (0, 0), (0, 0)]
=======

=======
[(14, 1), (14, 2), (9, 2)], [(-1, -1), (0, -1), (0, 0), (0, 0), (0, 0), (0, 0), (0, 0)]
=======

=======
[(14, 1), (14, 2), (9, 2), (-1, -1)], [(0, -1), (0, 0), (0, 0), (0, 0), (0, 0), (0, 0)]
=======

=======
[(14, 1), (14, 2), (9, 2), (-1, -1), (0, -1)], [(0, 0), (0, 0), (0, 0), (0, 0), (0, 0)]
=======

=======
[(14, 1), (14, 2), (9, 2), (-1, -1), (0, -1), (0, 0)], [(0, 0), (0, 0), (0, 0), (0, 0)]
=======

=======
[(14, 1), (14, 2), (9, 2), (-1, -1), (0, -1), (0, 0), (0, 0)], [(0, 0), (0, 0), (0, 0)]
=======

=======
[(14, 1), (14, 2), (9, 2), (-1, -1), (0, -1), (0, 0), (0, 0), (0, 0)], [(0, 0), (0, 0)]
=======

=======
[(14, 1), (14, 2), (9, 2), (-1, -1), (0, -1), (0, 0), (0, 0), (0, 0), (0, 0)], [(0, 0)]
=======

=======
[(14, 1)], [(14, 2), (9, 2), (-1, -1), (0, -1), (0, 0), (0, 0), (0, 0), (0, 0), (0, 0)]
=======

=======
[(14, 0), (14, 1)], [(9, 2), (-1, -1), (0, -1), (0, 0), (0, 0), (0, 0), (0, 0), (0, 0)]
=======

=======
[(14, 0), (14, 1), (8, 1)], [(-1, -1), (0, -1), (0, 0), (0, 0), (0, 0), (0, 0), (0, 0)]
=======

=======
[(14, 0), (14, 1), (8, 1), (-1, -1)], [(0, -1), (0, 0), (0, 0), (0, 0), (0, 0), (0, 0)]
=======

=======
[(14, 0), (14, 1), (8, 1), (-1, -1), (0, -1)], [(0, 0), (0, 0), (0, 0), (0, 0), (0, 0)]
=======

=======
[(14, 0), (14, 1), (8, 1), (-1, -1), (0, -1), (0, 0)], [(0, 0), (0, 0), (0, 0), (0, 0)]
=======

=======
[(14, 0), (14, 1), (8, 1), (-1, -1), (0, -1), (0, 0), (0, 0)], [(0, 0), (0, 0), (0, 0)]
=======

=======
[(14, 0), (14, 1), (8, 1), (-1, -1), (0, -1), (0, 0), (0, 0), (0, 0)], [(0, 0), (0, 0)]
=======

=======
[(14, 0), (14, 1), (8, 1), (-1, -1), (0, -1), (0, 0), (0, 0), (0, 0), (0, 0)], [(0, 0)]
=======

=======
[(14, 0)], [(14, 1), (8, 1), (-1, -1), (0, -1), (0, 0), (0, 0), (0, 0), (0, 0), (0, 0)]
=======

=======
[(14, -1), (14, 0)], [(8, 1), (-1, -1), (0, -1), (0, 0), (0, 0), (0, 0), (0, 0), (0, 0)]
=======

=======
[(14, -1), (14, 0), (7, 0)], [(-1, -1), (0, -1), (0, 0), (0, 0), (0, 0), (0, 0), (0, 0)]
=======

=======
[(14, -1), (14, 0), (7, 0), (-2, 0)], [(0, -1), (0, 0), (0, 0), (0, 0), (0, 0), (0, 0)]
=======

=======
[(14, -1), (14, 0), (7, 0), (-2, 0), (-1, 0)], [(0, 0), (0, 0), (0, 0), (0, 0), (0, 0)]
=======

=======
[(14, -1), (14, 0), (7, 0), (-2, 0), (-1, 0), (0, 0)], [(0, 0), (0, 0), (0, 0), (0, 0)]
=======

=======
[(14, -1), (14, 0), (7, 0), (-2, 0), (-1, 0), (0, 0), (0, 0)], [(0, 0), (0, 0), (0, 0)]
=======

=======
[(14, -1), (14, 0), (7, 0), (-2, 0), (-1, 0), (0, 0), (0, 0), (0, 0)], [(0, 0), (0, 0)]
=======

=======
[(14, -1), (14, 0), (7, 0), (-2, 0), (-1, 0), (0, 0), (0, 0), (0, 0), (0, 0)], [(0, 0)]
=======

=======
[(14, -1)], [(14, 0), (7, 0), (-2, 0), (-1, 0), (0, 0), (0, 0), (0, 0), (0, 0), (0, 0)]
=======

=======
[(14, -2), (14, -1)], [(7, 0), (-2, 0), (-1, 0), (0, 0), (0, 0), (0, 0), (0, 0), (0, 0)]
=======

=======
[(14, -2), (14, -1), (6, -1)], [(-2, 0), (-1, 0), (0, 0), (0, 0), (0, 0), (0, 0), (0, 0)]
=======

=======
[(14, -2), (14, -1), (6, -1), (-3, -1)], [(-1, 0), (0, 0), (0, 0), (0, 0), (0, 0), (0, 0)]
=======

=======
[(14, -2), (14, -1), (6, -1), (-3, -1), (-2, -1)], [(0, 0), (0, 0), (0, 0), (0, 0), (0, 0)]
=======

=======
[(14, -2), (14, -1), (6, -1), (-3, -1), (-2, -1), (-1, -1)], [(0, 0), (0, 0), (0, 0), (0, 0)]
=======

=======
[(14, -2), (14, -1), (6, -1), (-3, -1), (-2, -1), (-1, -1), (0, 0)], [(0, 0), (0, 0), (0, 0)]
=======

=======
[(14, -2), (14, -1), (6, -1), (-3, -1), (-2, -1), (-1, -1), (0, 0), (0, 0)], [(0, 0), (0, 0)]
=======

=======
[(14, -2), (14, -1), (6, -1), (-3, -1), (-2, -1), (-1, -1), (0, 0), (0, 0), (0, 0)], [(0, 0)]
=======

=======
[(14, -2)], [(14, -1), (6, -1), (-3, -1), (-2, -1), (-1, -1), (0, 0), (0, 0), (0, 0), (0, 0)]
=======

=======
[(14, -3), (14, -2)], [(6, -1), (-3, -1), (-2, -1), (-1, -1), (0, 0), (0, 0), (0, 0), (0, 0)]
=======

=======
[(14, -3), (14, -2), (5, -2)], [(-3, -1), (-2, -1), (-1, -1), (0, 0), (0, 0), (0, 0), (0, 0)]
=======

=======
[(14, -3), (14, -2), (5, -2), (-4, -2)], [(-2, -1), (-1, -1), (0, 0), (0, 0), (0, 0), (0, 0)]
=======

=======
[(14, -3), (14, -2), (5, -2), (-4, -2), (-3, -2)], [(-1, -1), (0, 0), (0, 0), (0, 0), (0, 0)]
=======

=======
[(14, -3), (14, -2), (5, -2), (-4, -2), (-3, -2), (-2, -2)], [(0, 0), (0, 0), (0, 0), (0, 0)]
=======

=======
[(14, -3), (14, -2), (5, -2), (-4, -2), (-3, -2), (-2, -2), (0, 0)], [(0, 0), (0, 0), (0, 0)]
=======

=======
[(14, -3), (14, -2), (5, -2), (-4, -2), (-3, -2), (-2, -2), (0, 0), (0, 0)], [(0, 0), (0, 0)]
=======

=======
[(14, -3), (14, -2), (5, -2), (-4, -2), (-3, -2), (-2, -2), (0, 0), (0, 0), (0, 0)], [(0, 0)]
=======

=======
[(14, -3)], [(14, -2), (5, -2), (-4, -2), (-3, -2), (-2, -2), (0, 0), (0, 0), (0, 0), (0, 0)]
=======

=======
[(14, -4), (14, -3)], [(5, -2), (-4, -2), (-3, -2), (-2, -2), (0, 0), (0, 0), (0, 0), (0, 0)]
=======

=======
[(14, -4), (14, -3), (4, -3)], [(-4, -2), (-3, -2), (-2, -2), (0, 0), (0, 0), (0, 0), (0, 0)]
=======

=======
[(14, -4), (14, -3), (4, -3), (-5, -3)], [(-3, -2), (-2, -2), (0, 0), (0, 0), (0, 0), (0, 0)]
=======

=======
[(14, -4), (14, -3), (4, -3), (-5, -3), (-4, -3)], [(-2, -2), (0, 0), (0, 0), (0, 0), (0, 0)]
=======

=======
[(14, -4), (14, -3), (4, -3), (-5, -3), (-4, -3), (-3, -3)], [(0, 0), (0, 0), (0, 0), (0, 0)]
=======

=======
[(14, -4), (14, -3), (4, -3), (-5, -3), (-4, -3), (-3, -3), (0, 0)], [(0, 0), (0, 0), (0, 0)]
=======

=======
[(14, -4), (14, -3), (4, -3), (-5, -3), (-4, -3), (-3, -3), (0, 0), (0, 0)], [(0, 0), (0, 0)]
=======

=======
[(14, -4), (14, -3), (4, -3), (-5, -3), (-4, -3), (-3, -3), (0, 0), (0, 0), (0, 0)], [(0, 0)]
=======

=======
[(14, -4)], [(14, -3), (4, -3), (-5, -3), (-4, -3), (-3, -3), (0, 0), (0, 0), (0, 0), (0, 0)]
=======

=======
[(14, -5), (14, -4)], [(4, -3), (-5, -3), (-4, -3), (-3, -3), (0, 0), (0, 0), (0, 0), (0, 0)]
=======

=======
[(14, -5), (14, -4), (3, -4)], [(-5, -3), (-4, -3), (-3, -3), (0, 0), (0, 0), (0, 0), (0, 0)]
=======

=======
[(14, -5), (14, -4), (3, -4), (-6, -4)], [(-4, -3), (-3, -3), (0, 0), (0, 0), (0, 0), (0, 0)]
=======

=======
[(14, -5), (14, -4), (3, -4), (-6, -4), (-5, -4)], [(-3, -3), (0, 0), (0, 0), (0, 0), (0, 0)]
=======

=======
[(14, -5), (14, -4), (3, -4), (-6, -4), (-5, -4), (-4, -4)], [(0, 0), (0, 0), (0, 0), (0, 0)]
=======

=======
[(14, -5), (14, -4), (3, -4), (-6, -4), (-5, -4), (-4, -4), (0, 0)], [(0, 0), (0, 0), (0, 0)]
=======

=======
[(14, -5), (14, -4), (3, -4), (-6, -4), (-5, -4), (-4, -4), (0, 0), (0, 0)], [(0, 0), (0, 0)]
=======

=======
[(14, -5), (14, -4), (3, -4), (-6, -4), (-5, -4), (-4, -4), (0, 0), (0, 0), (0, 0)], [(0, 0)]
=======

 == L 25 ==
=======
[(14, -5)], [(14, -4), (3, -4), (-6, -4), (-5, -4), (-4, -4), (0, 0), (0, 0), (0, 0), (0, 0)]
=======

=======
[(13, -5), (14, -4)], [(3, -4), (-6, -4), (-5, -4), (-4, -4), (0, 0), (0, 0), (0, 0), (0, 0)]
=======

=======
[(13, -5), (14, -4), (2, -4)], [(-6, -4), (-5, -4), (-4, -4), (0, 0), (0, 0), (0, 0), (0, 0)]
=======

=======
[(13, -5), (14, -4), (2, -4), (-7, -4)], [(-5, -4), (-4, -4), (0, 0), (0, 0), (0, 0), (0, 0)]
=======

=======
[(13, -5), (14, -4), (2, -4), (-7, -4), (-6, -4)], [(-4, -4), (0, 0), (0, 0), (0, 0), (0, 0)]
=======

=======
[(13, -5), (14, -4), (2, -4), (-7, -4), (-6, -4), (-5, -4)], [(0, 0), (0, 0), (0, 0), (0, 0)]
=======

=======
[(13, -5), (14, -4), (2, -4), (-7, -4), (-6, -4), (-5, -4), (0, 0)], [(0, 0), (0, 0), (0, 0)]
=======

=======
[(13, -5), (14, -4), (2, -4), (-7, -4), (-6, -4), (-5, -4), (0, 0), (0, 0)], [(0, 0), (0, 0)]
=======

=======
[(13, -5), (14, -4), (2, -4), (-7, -4), (-6, -4), (-5, -4), (0, 0), (0, 0), (0, 0)], [(0, 0)]
=======

=======
[(13, -5)], [(14, -4), (2, -4), (-7, -4), (-6, -4), (-5, -4), (0, 0), (0, 0), (0, 0), (0, 0)]
=======

=======
[(12, -5), (13, -5)], [(2, -4), (-7, -4), (-6, -4), (-5, -4), (0, 0), (0, 0), (0, 0), (0, 0)]
=======

=======
[(12, -5), (13, -5), (1, -5)], [(-7, -4), (-6, -4), (-5, -4), (0, 0), (0, 0), (0, 0), (0, 0)]
=======

=======
[(12, -5), (13, -5), (1, -5), (-8, -5)], [(-6, -4), (-5, -4), (0, 0), (0, 0), (0, 0), (0, 0)]
=======

=======
[(12, -5), (13, -5), (1, -5), (-8, -5), (-7, -5)], [(-5, -4), (0, 0), (0, 0), (0, 0), (0, 0)]
=======

=======
[(12, -5), (13, -5), (1, -5), (-8, -5), (-7, -5), (-6, -5)], [(0, 0), (0, 0), (0, 0), (0, 0)]
=======

=======
[(12, -5), (13, -5), (1, -5), (-8, -5), (-7, -5), (-6, -5), (0, 0)], [(0, 0), (0, 0), (0, 0)]
=======

=======
[(12, -5), (13, -5), (1, -5), (-8, -5), (-7, -5), (-6, -5), (0, 0), (0, 0)], [(0, 0), (0, 0)]
=======

=======
[(12, -5), (13, -5), (1, -5), (-8, -5), (-7, -5), (-6, -5), (0, 0), (0, 0), (0, 0)], [(0, 0)]
=======

=======
[(12, -5)], [(13, -5), (1, -5), (-8, -5), (-7, -5), (-6, -5), (0, 0), (0, 0), (0, 0), (0, 0)]
=======

=======
[(11, -5), (12, -5)], [(1, -5), (-8, -5), (-7, -5), (-6, -5), (0, 0), (0, 0), (0, 0), (0, 0)]
=======

=======
[(11, -5), (12, -5), (0, -5)], [(-8, -5), (-7, -5), (-6, -5), (0, 0), (0, 0), (0, 0), (0, 0)]
=======

=======
[(11, -5), (12, -5), (0, -5), (-9, -5)], [(-7, -5), (-6, -5), (0, 0), (0, 0), (0, 0), (0, 0)]
=======

=======
[(11, -5), (12, -5), (0, -5), (-9, -5), (-8, -5)], [(-6, -5), (0, 0), (0, 0), (0, 0), (0, 0)]
=======

=======
[(11, -5), (12, -5), (0, -5), (-9, -5), (-8, -5), (-7, -5)], [(0, 0), (0, 0), (0, 0), (0, 0)]
=======

=======
[(11, -5), (12, -5), (0, -5), (-9, -5), (-8, -5), (-7, -5), (0, 0)], [(0, 0), (0, 0), (0, 0)]
=======

=======
[(11, -5), (12, -5), (0, -5), (-9, -5), (-8, -5), (-7, -5), (0, 0), (0, 0)], [(0, 0), (0, 0)]
=======

=======
[(11, -5), (12, -5), (0, -5), (-9, -5), (-8, -5), (-7, -5), (0, 0), (0, 0), (0, 0)], [(0, 0)]
=======

=======
[(11, -5)], [(12, -5), (0, -5), (-9, -5), (-8, -5), (-7, -5), (0, 0), (0, 0), (0, 0), (0, 0)]
=======

=======
[(10, -5), (11, -5)], [(0, -5), (-9, -5), (-8, -5), (-7, -5), (0, 0), (0, 0), (0, 0), (0, 0)]
=======

=======
[(10, -5), (11, -5), (-1, -5)], [(-9, -5), (-8, -5), (-7, -5), (0, 0), (0, 0), (0, 0), (0, 0)]
=======

=======
[(10, -5), (11, -5), (-1, -5), (-10, -5)], [(-8, -5), (-7, -5), (0, 0), (0, 0), (0, 0), (0, 0)]
=======

=======
[(10, -5), (11, -5), (-1, -5), (-10, -5), (-9, -5)], [(-7, -5), (0, 0), (0, 0), (0, 0), (0, 0)]
=======

=======
[(10, -5), (11, -5), (-1, -5), (-10, -5), (-9, -5), (-8, -5)], [(0, 0), (0, 0), (0, 0), (0, 0)]
=======

=======
[(10, -5), (11, -5), (-1, -5), (-10, -5), (-9, -5), (-8, -5), (0, 0)], [(0, 0), (0, 0), (0, 0)]
=======

=======
[(10, -5), (11, -5), (-1, -5), (-10, -5), (-9, -5), (-8, -5), (0, 0), (0, 0)], [(0, 0), (0, 0)]
=======

=======
[(10, -5), (11, -5), (-1, -5), (-10, -5), (-9, -5), (-8, -5), (0, 0), (0, 0), (0, 0)], [(0, 0)]
=======

=======
[(10, -5)], [(11, -5), (-1, -5), (-10, -5), (-9, -5), (-8, -5), (0, 0), (0, 0), (0, 0), (0, 0)]
=======

=======
[(9, -5), (10, -5)], [(-1, -5), (-10, -5), (-9, -5), (-8, -5), (0, 0), (0, 0), (0, 0), (0, 0)]
=======

=======
[(9, -5), (10, -5), (-2, -5)], [(-10, -5), (-9, -5), (-8, -5), (0, 0), (0, 0), (0, 0), (0, 0)]
=======

=======
[(9, -5), (10, -5), (-2, -5), (-11, -5)], [(-9, -5), (-8, -5), (0, 0), (0, 0), (0, 0), (0, 0)]
=======

=======
[(9, -5), (10, -5), (-2, -5), (-11, -5), (-10, -5)], [(-8, -5), (0, 0), (0, 0), (0, 0), (0, 0)]
=======

=======
[(9, -5), (10, -5), (-2, -5), (-11, -5), (-10, -5), (-9, -5)], [(0, 0), (0, 0), (0, 0), (0, 0)]
=======

=======
[(9, -5), (10, -5), (-2, -5), (-11, -5), (-10, -5), (-9, -5), (0, 0)], [(0, 0), (0, 0), (0, 0)]
=======

=======
[(9, -5), (10, -5), (-2, -5), (-11, -5), (-10, -5), (-9, -5), (0, 0), (0, 0)], [(0, 0), (0, 0)]
=======

=======
[(9, -5), (10, -5), (-2, -5), (-11, -5), (-10, -5), (-9, -5), (0, 0), (0, 0), (0, 0)], [(0, 0)]
=======

=======
[(9, -5)], [(10, -5), (-2, -5), (-11, -5), (-10, -5), (-9, -5), (0, 0), (0, 0), (0, 0), (0, 0)]
=======

=======
[(8, -5), (9, -5)], [(-2, -5), (-11, -5), (-10, -5), (-9, -5), (0, 0), (0, 0), (0, 0), (0, 0)]
=======

=======
[(8, -5), (9, -5), (-3, -5)], [(-11, -5), (-10, -5), (-9, -5), (0, 0), (0, 0), (0, 0), (0, 0)]
=======

=======
[(8, -5), (9, -5), (-3, -5), (-12, -5)], [(-10, -5), (-9, -5), (0, 0), (0, 0), (0, 0), (0, 0)]
=======

=======
[(8, -5), (9, -5), (-3, -5), (-12, -5), (-11, -5)], [(-9, -5), (0, 0), (0, 0), (0, 0), (0, 0)]
=======

=======
[(8, -5), (9, -5), (-3, -5), (-12, -5), (-11, -5), (-10, -5)], [(0, 0), (0, 0), (0, 0), (0, 0)]
=======

=======
[(8, -5), (9, -5), (-3, -5), (-12, -5), (-11, -5), (-10, -5), (0, 0)], [(0, 0), (0, 0), (0, 0)]
=======

=======
[(8, -5), (9, -5), (-3, -5), (-12, -5), (-11, -5), (-10, -5), (0, 0), (0, 0)], [(0, 0), (0, 0)]
=======

=======
[(8, -5), (9, -5), (-3, -5), (-12, -5), (-11, -5), (-10, -5), (0, 0), (0, 0), (0, 0)], [(0, 0)]
=======

=======
[(8, -5)], [(9, -5), (-3, -5), (-12, -5), (-11, -5), (-10, -5), (0, 0), (0, 0), (0, 0), (0, 0)]
=======

=======
[(7, -5), (8, -5)], [(-3, -5), (-12, -5), (-11, -5), (-10, -5), (0, 0), (0, 0), (0, 0), (0, 0)]
=======

=======
[(7, -5), (8, -5), (-4, -5)], [(-12, -5), (-11, -5), (-10, -5), (0, 0), (0, 0), (0, 0), (0, 0)]
=======

=======
[(7, -5), (8, -5), (-4, -5), (-13, -5)], [(-11, -5), (-10, -5), (0, 0), (0, 0), (0, 0), (0, 0)]
=======

=======
[(7, -5), (8, -5), (-4, -5), (-13, -5), (-12, -5)], [(-10, -5), (0, 0), (0, 0), (0, 0), (0, 0)]
=======

=======
[(7, -5), (8, -5), (-4, -5), (-13, -5), (-12, -5), (-11, -5)], [(0, 0), (0, 0), (0, 0), (0, 0)]
=======

=======
[(7, -5), (8, -5), (-4, -5), (-13, -5), (-12, -5), (-11, -5), (0, 0)], [(0, 0), (0, 0), (0, 0)]
=======

=======
[(7, -5), (8, -5), (-4, -5), (-13, -5), (-12, -5), (-11, -5), (0, 0), (0, 0)], [(0, 0), (0, 0)]
=======

=======
[(7, -5), (8, -5), (-4, -5), (-13, -5), (-12, -5), (-11, -5), (0, 0), (0, 0), (0, 0)], [(0, 0)]
=======

=======
[(7, -5)], [(8, -5), (-4, -5), (-13, -5), (-12, -5), (-11, -5), (0, 0), (0, 0), (0, 0), (0, 0)]
=======

=======
[(6, -5), (7, -5)], [(-4, -5), (-13, -5), (-12, -5), (-11, -5), (0, 0), (0, 0), (0, 0), (0, 0)]
=======

=======
[(6, -5), (7, -5), (-5, -5)], [(-13, -5), (-12, -5), (-11, -5), (0, 0), (0, 0), (0, 0), (0, 0)]
=======

=======
[(6, -5), (7, -5), (-5, -5), (-14, -5)], [(-12, -5), (-11, -5), (0, 0), (0, 0), (0, 0), (0, 0)]
=======

=======
[(6, -5), (7, -5), (-5, -5), (-14, -5), (-13, -5)], [(-11, -5), (0, 0), (0, 0), (0, 0), (0, 0)]
=======

=======
[(6, -5), (7, -5), (-5, -5), (-14, -5), (-13, -5), (-12, -5)], [(0, 0), (0, 0), (0, 0), (0, 0)]
=======

=======
[(6, -5), (7, -5), (-5, -5), (-14, -5), (-13, -5), (-12, -5), (0, 0)], [(0, 0), (0, 0), (0, 0)]
=======

=======
[(6, -5), (7, -5), (-5, -5), (-14, -5), (-13, -5), (-12, -5), (0, 0), (0, 0)], [(0, 0), (0, 0)]
=======

=======
[(6, -5), (7, -5), (-5, -5), (-14, -5), (-13, -5), (-12, -5), (0, 0), (0, 0), (0, 0)], [(0, 0)]
=======

=======
[(6, -5)], [(7, -5), (-5, -5), (-14, -5), (-13, -5), (-12, -5), (0, 0), (0, 0), (0, 0), (0, 0)]
=======

=======
[(5, -5), (6, -5)], [(-5, -5), (-14, -5), (-13, -5), (-12, -5), (0, 0), (0, 0), (0, 0), (0, 0)]
=======

=======
[(5, -5), (6, -5), (-6, -5)], [(-14, -5), (-13, -5), (-12, -5), (0, 0), (0, 0), (0, 0), (0, 0)]
=======

=======
[(5, -5), (6, -5), (-6, -5), (-15, -5)], [(-13, -5), (-12, -5), (0, 0), (0, 0), (0, 0), (0, 0)]
=======

=======
[(5, -5), (6, -5), (-6, -5), (-15, -5), (-14, -5)], [(-12, -5), (0, 0), (0, 0), (0, 0), (0, 0)]
=======

=======
[(5, -5), (6, -5), (-6, -5), (-15, -5), (-14, -5), (-13, -5)], [(0, 0), (0, 0), (0, 0), (0, 0)]
=======

=======
[(5, -5), (6, -5), (-6, -5), (-15, -5), (-14, -5), (-13, -5), (0, 0)], [(0, 0), (0, 0), (0, 0)]
=======

=======
[(5, -5), (6, -5), (-6, -5), (-15, -5), (-14, -5), (-13, -5), (0, 0), (0, 0)], [(0, 0), (0, 0)]
=======

=======
[(5, -5), (6, -5), (-6, -5), (-15, -5), (-14, -5), (-13, -5), (0, 0), (0, 0), (0, 0)], [(0, 0)]
=======

=======
[(5, -5)], [(6, -5), (-6, -5), (-15, -5), (-14, -5), (-13, -5), (0, 0), (0, 0), (0, 0), (0, 0)]
=======

=======
[(4, -5), (5, -5)], [(-6, -5), (-15, -5), (-14, -5), (-13, -5), (0, 0), (0, 0), (0, 0), (0, 0)]
=======

=======
[(4, -5), (5, -5), (-7, -5)], [(-15, -5), (-14, -5), (-13, -5), (0, 0), (0, 0), (0, 0), (0, 0)]
=======

=======
[(4, -5), (5, -5), (-7, -5), (-16, -5)], [(-14, -5), (-13, -5), (0, 0), (0, 0), (0, 0), (0, 0)]
=======

=======
[(4, -5), (5, -5), (-7, -5), (-16, -5), (-15, -5)], [(-13, -5), (0, 0), (0, 0), (0, 0), (0, 0)]
=======

=======
[(4, -5), (5, -5), (-7, -5), (-16, -5), (-15, -5), (-14, -5)], [(0, 0), (0, 0), (0, 0), (0, 0)]
=======

=======
[(4, -5), (5, -5), (-7, -5), (-16, -5), (-15, -5), (-14, -5), (0, 0)], [(0, 0), (0, 0), (0, 0)]
=======

=======
[(4, -5), (5, -5), (-7, -5), (-16, -5), (-15, -5), (-14, -5), (0, 0), (0, 0)], [(0, 0), (0, 0)]
=======

=======
[(4, -5), (5, -5), (-7, -5), (-16, -5), (-15, -5), (-14, -5), (0, 0), (0, 0), (0, 0)], [(0, 0)]
=======

=======
[(4, -5)], [(5, -5), (-7, -5), (-16, -5), (-15, -5), (-14, -5), (0, 0), (0, 0), (0, 0), (0, 0)]
=======

=======
[(3, -5), (4, -5)], [(-7, -5), (-16, -5), (-15, -5), (-14, -5), (0, 0), (0, 0), (0, 0), (0, 0)]
=======

=======
[(3, -5), (4, -5), (-8, -5)], [(-16, -5), (-15, -5), (-14, -5), (0, 0), (0, 0), (0, 0), (0, 0)]
=======

=======
[(3, -5), (4, -5), (-8, -5), (-17, -5)], [(-15, -5), (-14, -5), (0, 0), (0, 0), (0, 0), (0, 0)]
=======

=======
[(3, -5), (4, -5), (-8, -5), (-17, -5), (-16, -5)], [(-14, -5), (0, 0), (0, 0), (0, 0), (0, 0)]
=======

=======
[(3, -5), (4, -5), (-8, -5), (-17, -5), (-16, -5), (-15, -5)], [(0, 0), (0, 0), (0, 0), (0, 0)]
=======

=======
[(3, -5), (4, -5), (-8, -5), (-17, -5), (-16, -5), (-15, -5), (0, 0)], [(0, 0), (0, 0), (0, 0)]
=======

=======
[(3, -5), (4, -5), (-8, -5), (-17, -5), (-16, -5), (-15, -5), (0, 0), (0, 0)], [(0, 0), (0, 0)]
=======

=======
[(3, -5), (4, -5), (-8, -5), (-17, -5), (-16, -5), (-15, -5), (0, 0), (0, 0), (0, 0)], [(0, 0)]
=======

=======
[(3, -5)], [(4, -5), (-8, -5), (-17, -5), (-16, -5), (-15, -5), (0, 0), (0, 0), (0, 0), (0, 0)]
=======

=======
[(2, -5), (3, -5)], [(-8, -5), (-17, -5), (-16, -5), (-15, -5), (0, 0), (0, 0), (0, 0), (0, 0)]
=======

=======
[(2, -5), (3, -5), (-9, -5)], [(-17, -5), (-16, -5), (-15, -5), (0, 0), (0, 0), (0, 0), (0, 0)]
=======

=======
[(2, -5), (3, -5), (-9, -5), (-18, -5)], [(-16, -5), (-15, -5), (0, 0), (0, 0), (0, 0), (0, 0)]
=======

=======
[(2, -5), (3, -5), (-9, -5), (-18, -5), (-17, -5)], [(-15, -5), (0, 0), (0, 0), (0, 0), (0, 0)]
=======

=======
[(2, -5), (3, -5), (-9, -5), (-18, -5), (-17, -5), (-16, -5)], [(0, 0), (0, 0), (0, 0), (0, 0)]
=======

=======
[(2, -5), (3, -5), (-9, -5), (-18, -5), (-17, -5), (-16, -5), (0, 0)], [(0, 0), (0, 0), (0, 0)]
=======

=======
[(2, -5), (3, -5), (-9, -5), (-18, -5), (-17, -5), (-16, -5), (0, 0), (0, 0)], [(0, 0), (0, 0)]
=======

=======
[(2, -5), (3, -5), (-9, -5), (-18, -5), (-17, -5), (-16, -5), (0, 0), (0, 0), (0, 0)], [(0, 0)]
=======

=======
[(2, -5)], [(3, -5), (-9, -5), (-18, -5), (-17, -5), (-16, -5), (0, 0), (0, 0), (0, 0), (0, 0)]
=======

=======
[(1, -5), (2, -5)], [(-9, -5), (-18, -5), (-17, -5), (-16, -5), (0, 0), (0, 0), (0, 0), (0, 0)]
=======

=======
[(1, -5), (2, -5), (-10, -5)], [(-18, -5), (-17, -5), (-16, -5), (0, 0), (0, 0), (0, 0), (0, 0)]
=======

=======
[(1, -5), (2, -5), (-10, -5), (-19, -5)], [(-17, -5), (-16, -5), (0, 0), (0, 0), (0, 0), (0, 0)]
=======

=======
[(1, -5), (2, -5), (-10, -5), (-19, -5), (-18, -5)], [(-16, -5), (0, 0), (0, 0), (0, 0), (0, 0)]
=======

=======
[(1, -5), (2, -5), (-10, -5), (-19, -5), (-18, -5), (-17, -5)], [(0, 0), (0, 0), (0, 0), (0, 0)]
=======

=======
[(1, -5), (2, -5), (-10, -5), (-19, -5), (-18, -5), (-17, -5), (0, 0)], [(0, 0), (0, 0), (0, 0)]
=======

=======
[(1, -5), (2, -5), (-10, -5), (-19, -5), (-18, -5), (-17, -5), (0, 0), (0, 0)], [(0, 0), (0, 0)]
=======

=======
[(1, -5), (2, -5), (-10, -5), (-19, -5), (-18, -5), (-17, -5), (0, 0), (0, 0), (0, 0)], [(0, 0)]
=======

=======
[(1, -5)], [(2, -5), (-10, -5), (-19, -5), (-18, -5), (-17, -5), (0, 0), (0, 0), (0, 0), (0, 0)]
=======

=======
[(0, -5), (1, -5)], [(-10, -5), (-19, -5), (-18, -5), (-17, -5), (0, 0), (0, 0), (0, 0), (0, 0)]
=======

=======
[(0, -5), (1, -5), (-11, -5)], [(-19, -5), (-18, -5), (-17, -5), (0, 0), (0, 0), (0, 0), (0, 0)]
=======

=======
[(0, -5), (1, -5), (-11, -5), (-20, -5)], [(-18, -5), (-17, -5), (0, 0), (0, 0), (0, 0), (0, 0)]
=======

=======
[(0, -5), (1, -5), (-11, -5), (-20, -5), (-19, -5)], [(-17, -5), (0, 0), (0, 0), (0, 0), (0, 0)]
=======

=======
[(0, -5), (1, -5), (-11, -5), (-20, -5), (-19, -5), (-18, -5)], [(0, 0), (0, 0), (0, 0), (0, 0)]
=======

=======
[(0, -5), (1, -5), (-11, -5), (-20, -5), (-19, -5), (-18, -5), (0, 0)], [(0, 0), (0, 0), (0, 0)]
=======

=======
[(0, -5), (1, -5), (-11, -5), (-20, -5), (-19, -5), (-18, -5), (0, 0), (0, 0)], [(0, 0), (0, 0)]
=======

=======
[(0, -5), (1, -5), (-11, -5), (-20, -5), (-19, -5), (-18, -5), (0, 0), (0, 0), (0, 0)], [(0, 0)]
=======

=======
[(0, -5)], [(1, -5), (-11, -5), (-20, -5), (-19, -5), (-18, -5), (0, 0), (0, 0), (0, 0), (0, 0)]
=======

=======
[(-1, -5), (0, -5)], [(-11, -5), (-20, -5), (-19, -5), (-18, -5), (0, 0), (0, 0), (0, 0), (0, 0)]
=======

=======
[(-1, -5), (0, -5), (-12, -5)], [(-20, -5), (-19, -5), (-18, -5), (0, 0), (0, 0), (0, 0), (0, 0)]
=======

=======
[(-1, -5), (0, -5), (-12, -5), (-21, -5)], [(-19, -5), (-18, -5), (0, 0), (0, 0), (0, 0), (0, 0)]
=======

=======
[(-1, -5), (0, -5), (-12, -5), (-21, -5), (-20, -5)], [(-18, -5), (0, 0), (0, 0), (0, 0), (0, 0)]
=======

=======
[(-1, -5), (0, -5), (-12, -5), (-21, -5), (-20, -5), (-19, -5)], [(0, 0), (0, 0), (0, 0), (0, 0)]
=======

=======
[(-1, -5), (0, -5), (-12, -5), (-21, -5), (-20, -5), (-19, -5), (0, 0)], [(0, 0), (0, 0), (0, 0)]
=======

=======
[(-1, -5), (0, -5), (-12, -5), (-21, -5), (-20, -5), (-19, -5), (0, 0), (0, 0)], [(0, 0), (0, 0)]
=======

=======
[(-1, -5), (0, -5), (-12, -5), (-21, -5), (-20, -5), (-19, -5), (0, 0), (0, 0), (0, 0)], [(0, 0)]
=======

=======
[(-1, -5)], [(0, -5), (-12, -5), (-21, -5), (-20, -5), (-19, -5), (0, 0), (0, 0), (0, 0), (0, 0)]
=======

=======
[(-2, -5), (-1, -5)], [(-12, -5), (-21, -5), (-20, -5), (-19, -5), (0, 0), (0, 0), (0, 0), (0, 0)]
=======

=======
[(-2, -5), (-1, -5), (-13, -5)], [(-21, -5), (-20, -5), (-19, -5), (0, 0), (0, 0), (0, 0), (0, 0)]
=======

=======
[(-2, -5), (-1, -5), (-13, -5), (-22, -5)], [(-20, -5), (-19, -5), (0, 0), (0, 0), (0, 0), (0, 0)]
=======

=======
[(-2, -5), (-1, -5), (-13, -5), (-22, -5), (-21, -5)], [(-19, -5), (0, 0), (0, 0), (0, 0), (0, 0)]
=======

=======
[(-2, -5), (-1, -5), (-13, -5), (-22, -5), (-21, -5), (-20, -5)], [(0, 0), (0, 0), (0, 0), (0, 0)]
=======

=======
[(-2, -5), (-1, -5), (-13, -5), (-22, -5), (-21, -5), (-20, -5), (0, 0)], [(0, 0), (0, 0), (0, 0)]
=======

=======
[(-2, -5), (-1, -5), (-13, -5), (-22, -5), (-21, -5), (-20, -5), (0, 0), (0, 0)], [(0, 0), (0, 0)]
=======

=======
[(-2, -5), (-1, -5), (-13, -5), (-22, -5), (-21, -5), (-20, -5), (0, 0), (0, 0), (0, 0)], [(0, 0)]
=======

=======
[(-2, -5)], [(-1, -5), (-13, -5), (-22, -5), (-21, -5), (-20, -5), (0, 0), (0, 0), (0, 0), (0, 0)]
=======

=======
[(-3, -5), (-2, -5)], [(-13, -5), (-22, -5), (-21, -5), (-20, -5), (0, 0), (0, 0), (0, 0), (0, 0)]
=======

=======
[(-3, -5), (-2, -5), (-14, -5)], [(-22, -5), (-21, -5), (-20, -5), (0, 0), (0, 0), (0, 0), (0, 0)]
=======

=======
[(-3, -5), (-2, -5), (-14, -5), (-23, -5)], [(-21, -5), (-20, -5), (0, 0), (0, 0), (0, 0), (0, 0)]
=======

=======
[(-3, -5), (-2, -5), (-14, -5), (-23, -5), (-22, -5)], [(-20, -5), (0, 0), (0, 0), (0, 0), (0, 0)]
=======

=======
[(-3, -5), (-2, -5), (-14, -5), (-23, -5), (-22, -5), (-21, -5)], [(0, 0), (0, 0), (0, 0), (0, 0)]
=======

=======
[(-3, -5), (-2, -5), (-14, -5), (-23, -5), (-22, -5), (-21, -5), (0, 0)], [(0, 0), (0, 0), (0, 0)]
=======

=======
[(-3, -5), (-2, -5), (-14, -5), (-23, -5), (-22, -5), (-21, -5), (0, 0), (0, 0)], [(0, 0), (0, 0)]
=======

=======
[(-3, -5), (-2, -5), (-14, -5), (-23, -5), (-22, -5), (-21, -5), (0, 0), (0, 0), (0, 0)], [(0, 0)]
=======

=======
[(-3, -5)], [(-2, -5), (-14, -5), (-23, -5), (-22, -5), (-21, -5), (0, 0), (0, 0), (0, 0), (0, 0)]
=======

=======
[(-4, -5), (-3, -5)], [(-14, -5), (-23, -5), (-22, -5), (-21, -5), (0, 0), (0, 0), (0, 0), (0, 0)]
=======

=======
[(-4, -5), (-3, -5), (-15, -5)], [(-23, -5), (-22, -5), (-21, -5), (0, 0), (0, 0), (0, 0), (0, 0)]
=======

=======
[(-4, -5), (-3, -5), (-15, -5), (-24, -5)], [(-22, -5), (-21, -5), (0, 0), (0, 0), (0, 0), (0, 0)]
=======

=======
[(-4, -5), (-3, -5), (-15, -5), (-24, -5), (-23, -5)], [(-21, -5), (0, 0), (0, 0), (0, 0), (0, 0)]
=======

=======
[(-4, -5), (-3, -5), (-15, -5), (-24, -5), (-23, -5), (-22, -5)], [(0, 0), (0, 0), (0, 0), (0, 0)]
=======

=======
[(-4, -5), (-3, -5), (-15, -5), (-24, -5), (-23, -5), (-22, -5), (0, 0)], [(0, 0), (0, 0), (0, 0)]
=======

=======
[(-4, -5), (-3, -5), (-15, -5), (-24, -5), (-23, -5), (-22, -5), (0, 0), (0, 0)], [(0, 0), (0, 0)]
=======

=======
[(-4, -5), (-3, -5), (-15, -5), (-24, -5), (-23, -5), (-22, -5), (0, 0), (0, 0), (0, 0)], [(0, 0)]
=======

=======
[(-4, -5)], [(-3, -5), (-15, -5), (-24, -5), (-23, -5), (-22, -5), (0, 0), (0, 0), (0, 0), (0, 0)]
=======

=======
[(-5, -5), (-4, -5)], [(-15, -5), (-24, -5), (-23, -5), (-22, -5), (0, 0), (0, 0), (0, 0), (0, 0)]
=======

=======
[(-5, -5), (-4, -5), (-16, -5)], [(-24, -5), (-23, -5), (-22, -5), (0, 0), (0, 0), (0, 0), (0, 0)]
=======

=======
[(-5, -5), (-4, -5), (-16, -5), (-25, -5)], [(-23, -5), (-22, -5), (0, 0), (0, 0), (0, 0), (0, 0)]
=======

=======
[(-5, -5), (-4, -5), (-16, -5), (-25, -5), (-24, -5)], [(-22, -5), (0, 0), (0, 0), (0, 0), (0, 0)]
=======

=======
[(-5, -5), (-4, -5), (-16, -5), (-25, -5), (-24, -5), (-23, -5)], [(0, 0), (0, 0), (0, 0), (0, 0)]
=======

=======
[(-5, -5), (-4, -5), (-16, -5), (-25, -5), (-24, -5), (-23, -5), (0, 0)], [(0, 0), (0, 0), (0, 0)]
=======

=======
[(-5, -5), (-4, -5), (-16, -5), (-25, -5), (-24, -5), (-23, -5), (0, 0), (0, 0)], [(0, 0), (0, 0)]
=======

=======
[(-5, -5), (-4, -5), (-16, -5), (-25, -5), (-24, -5), (-23, -5), (0, 0), (0, 0), (0, 0)], [(0, 0)]
=======

=======
[(-5, -5)], [(-4, -5), (-16, -5), (-25, -5), (-24, -5), (-23, -5), (0, 0), (0, 0), (0, 0), (0, 0)]
=======

=======
[(-6, -5), (-5, -5)], [(-16, -5), (-25, -5), (-24, -5), (-23, -5), (0, 0), (0, 0), (0, 0), (0, 0)]
=======

=======
[(-6, -5), (-5, -5), (-17, -5)], [(-25, -5), (-24, -5), (-23, -5), (0, 0), (0, 0), (0, 0), (0, 0)]
=======

=======
[(-6, -5), (-5, -5), (-17, -5), (-26, -5)], [(-24, -5), (-23, -5), (0, 0), (0, 0), (0, 0), (0, 0)]
=======

=======
[(-6, -5), (-5, -5), (-17, -5), (-26, -5), (-25, -5)], [(-23, -5), (0, 0), (0, 0), (0, 0), (0, 0)]
=======

=======
[(-6, -5), (-5, -5), (-17, -5), (-26, -5), (-25, -5), (-24, -5)], [(0, 0), (0, 0), (0, 0), (0, 0)]
=======

=======
[(-6, -5), (-5, -5), (-17, -5), (-26, -5), (-25, -5), (-24, -5), (0, 0)], [(0, 0), (0, 0), (0, 0)]
=======

=======
[(-6, -5), (-5, -5), (-17, -5), (-26, -5), (-25, -5), (-24, -5), (0, 0), (0, 0)], [(0, 0), (0, 0)]
=======

=======
[(-6, -5), (-5, -5), (-17, -5), (-26, -5), (-25, -5), (-24, -5), (0, 0), (0, 0), (0, 0)], [(0, 0)]
=======

=======
[(-6, -5)], [(-5, -5), (-17, -5), (-26, -5), (-25, -5), (-24, -5), (0, 0), (0, 0), (0, 0), (0, 0)]
=======

=======
[(-7, -5), (-6, -5)], [(-17, -5), (-26, -5), (-25, -5), (-24, -5), (0, 0), (0, 0), (0, 0), (0, 0)]
=======

=======
[(-7, -5), (-6, -5), (-18, -5)], [(-26, -5), (-25, -5), (-24, -5), (0, 0), (0, 0), (0, 0), (0, 0)]
=======

=======
[(-7, -5), (-6, -5), (-18, -5), (-27, -5)], [(-25, -5), (-24, -5), (0, 0), (0, 0), (0, 0), (0, 0)]
=======

=======
[(-7, -5), (-6, -5), (-18, -5), (-27, -5), (-26, -5)], [(-24, -5), (0, 0), (0, 0), (0, 0), (0, 0)]
=======

=======
[(-7, -5), (-6, -5), (-18, -5), (-27, -5), (-26, -5), (-25, -5)], [(0, 0), (0, 0), (0, 0), (0, 0)]
=======

=======
[(-7, -5), (-6, -5), (-18, -5), (-27, -5), (-26, -5), (-25, -5), (0, 0)], [(0, 0), (0, 0), (0, 0)]
=======

=======
[(-7, -5), (-6, -5), (-18, -5), (-27, -5), (-26, -5), (-25, -5), (0, 0), (0, 0)], [(0, 0), (0, 0)]
=======

=======
[(-7, -5), (-6, -5), (-18, -5), (-27, -5), (-26, -5), (-25, -5), (0, 0), (0, 0), (0, 0)], [(0, 0)]
=======

=======
[(-7, -5)], [(-6, -5), (-18, -5), (-27, -5), (-26, -5), (-25, -5), (0, 0), (0, 0), (0, 0), (0, 0)]
=======

=======
[(-8, -5), (-7, -5)], [(-18, -5), (-27, -5), (-26, -5), (-25, -5), (0, 0), (0, 0), (0, 0), (0, 0)]
=======

=======
[(-8, -5), (-7, -5), (-19, -5)], [(-27, -5), (-26, -5), (-25, -5), (0, 0), (0, 0), (0, 0), (0, 0)]
=======

=======
[(-8, -5), (-7, -5), (-19, -5), (-28, -5)], [(-26, -5), (-25, -5), (0, 0), (0, 0), (0, 0), (0, 0)]
=======

=======
[(-8, -5), (-7, -5), (-19, -5), (-28, -5), (-27, -5)], [(-25, -5), (0, 0), (0, 0), (0, 0), (0, 0)]
=======

=======
[(-8, -5), (-7, -5), (-19, -5), (-28, -5), (-27, -5), (-26, -5)], [(0, 0), (0, 0), (0, 0), (0, 0)]
=======

=======
[(-8, -5), (-7, -5), (-19, -5), (-28, -5), (-27, -5), (-26, -5), (0, 0)], [(0, 0), (0, 0), (0, 0)]
=======

=======
[(-8, -5), (-7, -5), (-19, -5), (-28, -5), (-27, -5), (-26, -5), (0, 0), (0, 0)], [(0, 0), (0, 0)]
=======

=======
[(-8, -5), (-7, -5), (-19, -5), (-28, -5), (-27, -5), (-26, -5), (0, 0), (0, 0), (0, 0)], [(0, 0)]
=======

=======
[(-8, -5)], [(-7, -5), (-19, -5), (-28, -5), (-27, -5), (-26, -5), (0, 0), (0, 0), (0, 0), (0, 0)]
=======

=======
[(-9, -5), (-8, -5)], [(-19, -5), (-28, -5), (-27, -5), (-26, -5), (0, 0), (0, 0), (0, 0), (0, 0)]
=======

=======
[(-9, -5), (-8, -5), (-20, -5)], [(-28, -5), (-27, -5), (-26, -5), (0, 0), (0, 0), (0, 0), (0, 0)]
=======

=======
[(-9, -5), (-8, -5), (-20, -5), (-29, -5)], [(-27, -5), (-26, -5), (0, 0), (0, 0), (0, 0), (0, 0)]
=======

=======
[(-9, -5), (-8, -5), (-20, -5), (-29, -5), (-28, -5)], [(-26, -5), (0, 0), (0, 0), (0, 0), (0, 0)]
=======

=======
[(-9, -5), (-8, -5), (-20, -5), (-29, -5), (-28, -5), (-27, -5)], [(0, 0), (0, 0), (0, 0), (0, 0)]
=======

=======
[(-9, -5), (-8, -5), (-20, -5), (-29, -5), (-28, -5), (-27, -5), (0, 0)], [(0, 0), (0, 0), (0, 0)]
=======

=======
[(-9, -5), (-8, -5), (-20, -5), (-29, -5), (-28, -5), (-27, -5), (0, 0), (0, 0)], [(0, 0), (0, 0)]
=======

=======
[(-9, -5), (-8, -5), (-20, -5), (-29, -5), (-28, -5), (-27, -5), (0, 0), (0, 0), (0, 0)], [(0, 0)]
=======

=======
[(-9, -5)], [(-8, -5), (-20, -5), (-29, -5), (-28, -5), (-27, -5), (0, 0), (0, 0), (0, 0), (0, 0)]
=======

=======
[(-10, -5), (-9, -5)], [(-20, -5), (-29, -5), (-28, -5), (-27, -5), (0, 0), (0, 0), (0, 0), (0, 0)]
=======

=======
[(-10, -5), (-9, -5), (-21, -5)], [(-29, -5), (-28, -5), (-27, -5), (0, 0), (0, 0), (0, 0), (0, 0)]
=======

=======
[(-10, -5), (-9, -5), (-21, -5), (-30, -5)], [(-28, -5), (-27, -5), (0, 0), (0, 0), (0, 0), (0, 0)]
=======

=======
[(-10, -5), (-9, -5), (-21, -5), (-30, -5), (-29, -5)], [(-27, -5), (0, 0), (0, 0), (0, 0), (0, 0)]
=======

=======
[(-10, -5), (-9, -5), (-21, -5), (-30, -5), (-29, -5), (-28, -5)], [(0, 0), (0, 0), (0, 0), (0, 0)]
=======

=======
[(-10, -5), (-9, -5), (-21, -5), (-30, -5), (-29, -5), (-28, -5), (0, 0)], [(0, 0), (0, 0), (0, 0)]
=======

=======
[(-10, -5), (-9, -5), (-21, -5), (-30, -5), (-29, -5), (-28, -5), (0, 0), (0, 0)], [(0, 0), (0, 0)]
=======

=======
[(-10, -5), (-9, -5), (-21, -5), (-30, -5), (-29, -5), (-28, -5), (0, 0), (0, 0), (0, 0)], [(0, 0)]
=======

=======
[(-10, -5)], [(-9, -5), (-21, -5), (-30, -5), (-29, -5), (-28, -5), (0, 0), (0, 0), (0, 0), (0, 0)]
=======

=======
[(-11, -5), (-10, -5)], [(-21, -5), (-30, -5), (-29, -5), (-28, -5), (0, 0), (0, 0), (0, 0), (0, 0)]
=======

=======
[(-11, -5), (-10, -5), (-22, -5)], [(-30, -5), (-29, -5), (-28, -5), (0, 0), (0, 0), (0, 0), (0, 0)]
=======

=======
[(-11, -5), (-10, -5), (-22, -5), (-31, -5)], [(-29, -5), (-28, -5), (0, 0), (0, 0), (0, 0), (0, 0)]
=======

=======
[(-11, -5), (-10, -5), (-22, -5), (-31, -5), (-30, -5)], [(-28, -5), (0, 0), (0, 0), (0, 0), (0, 0)]
=======

=======
[(-11, -5), (-10, -5), (-22, -5), (-31, -5), (-30, -5), (-29, -5)], [(0, 0), (0, 0), (0, 0), (0, 0)]
=======

=======
[(-11, -5), (-10, -5), (-22, -5), (-31, -5), (-30, -5), (-29, -5), (0, 0)], [(0, 0), (0, 0), (0, 0)]
=======

=======
[(-11, -5), (-10, -5), (-22, -5), (-31, -5), (-30, -5), (-29, -5), (0, 0), (0, 0)], [(0, 0), (0, 0)]
=======

=======
[(-11, -5), (-10, -5), (-22, -5), (-31, -5), (-30, -5), (-29, -5), (0, 0), (0, 0), (0, 0)], [(0, 0)]
=======

 == U 20 ==
=======
[(-11, -5)], [(-10, -5), (-22, -5), (-31, -5), (-30, -5), (-29, -5), (0, 0), (0, 0), (0, 0), (0, 0)]
=======

=======
[(-11, -4), (-10, -5)], [(-22, -5), (-31, -5), (-30, -5), (-29, -5), (0, 0), (0, 0), (0, 0), (0, 0)]
=======

=======
[(-11, -4), (-10, -5), (-21, -5)], [(-31, -5), (-30, -5), (-29, -5), (0, 0), (0, 0), (0, 0), (0, 0)]
=======

=======
[(-11, -4), (-10, -5), (-21, -5), (-30, -5)], [(-30, -5), (-29, -5), (0, 0), (0, 0), (0, 0), (0, 0)]
=======

=======
[(-11, -4), (-10, -5), (-21, -5), (-30, -5), (-30, -5)], [(-29, -5), (0, 0), (0, 0), (0, 0), (0, 0)]
=======

=======
[(-11, -4), (-10, -5), (-21, -5), (-30, -5), (-30, -5), (-29, -5)], [(0, 0), (0, 0), (0, 0), (0, 0)]
=======

=======
[(-11, -4), (-10, -5), (-21, -5), (-30, -5), (-30, -5), (-29, -5), (0, 0)], [(0, 0), (0, 0), (0, 0)]
=======

=======
[(-11, -4), (-10, -5), (-21, -5), (-30, -5), (-30, -5), (-29, -5), (0, 0), (0, 0)], [(0, 0), (0, 0)]
=======

=======
[(-11, -4), (-10, -5), (-21, -5), (-30, -5), (-30, -5), (-29, -5), (0, 0), (0, 0), (0, 0)], [(0, 0)]
=======

=======
[(-11, -4)], [(-10, -5), (-21, -5), (-30, -5), (-30, -5), (-29, -5), (0, 0), (0, 0), (0, 0), (0, 0)]
=======

=======
[(-11, -3), (-11, -4)], [(-21, -5), (-30, -5), (-30, -5), (-29, -5), (0, 0), (0, 0), (0, 0), (0, 0)]
=======

=======
[(-11, -3), (-11, -4), (-20, -4)], [(-30, -5), (-30, -5), (-29, -5), (0, 0), (0, 0), (0, 0), (0, 0)]
=======

=======
[(-11, -3), (-11, -4), (-20, -4), (-29, -4)], [(-30, -5), (-29, -5), (0, 0), (0, 0), (0, 0), (0, 0)]
=======

=======
[(-11, -3), (-11, -4), (-20, -4), (-29, -4), (-30, -5)], [(-29, -5), (0, 0), (0, 0), (0, 0), (0, 0)]
=======

=======
[(-11, -3), (-11, -4), (-20, -4), (-29, -4), (-30, -5), (-29, -5)], [(0, 0), (0, 0), (0, 0), (0, 0)]
=======

=======
[(-11, -3), (-11, -4), (-20, -4), (-29, -4), (-30, -5), (-29, -5), (0, 0)], [(0, 0), (0, 0), (0, 0)]
=======

=======
[(-11, -3), (-11, -4), (-20, -4), (-29, -4), (-30, -5), (-29, -5), (0, 0), (0, 0)], [(0, 0), (0, 0)]
=======

=======
[(-11, -3), (-11, -4), (-20, -4), (-29, -4), (-30, -5), (-29, -5), (0, 0), (0, 0), (0, 0)], [(0, 0)]
=======

=======
[(-11, -3)], [(-11, -4), (-20, -4), (-29, -4), (-30, -5), (-29, -5), (0, 0), (0, 0), (0, 0), (0, 0)]
=======

=======
[(-11, -2), (-11, -3)], [(-20, -4), (-29, -4), (-30, -5), (-29, -5), (0, 0), (0, 0), (0, 0), (0, 0)]
=======

=======
[(-11, -2), (-11, -3), (-19, -3)], [(-29, -4), (-30, -5), (-29, -5), (0, 0), (0, 0), (0, 0), (0, 0)]
=======

=======
[(-11, -2), (-11, -3), (-19, -3), (-28, -3)], [(-30, -5), (-29, -5), (0, 0), (0, 0), (0, 0), (0, 0)]
=======

=======
[(-11, -2), (-11, -3), (-19, -3), (-28, -3), (-30, -5)], [(-29, -5), (0, 0), (0, 0), (0, 0), (0, 0)]
=======

=======
[(-11, -2), (-11, -3), (-19, -3), (-28, -3), (-30, -5), (-29, -5)], [(0, 0), (0, 0), (0, 0), (0, 0)]
=======

=======
[(-11, -2), (-11, -3), (-19, -3), (-28, -3), (-30, -5), (-29, -5), (0, 0)], [(0, 0), (0, 0), (0, 0)]
=======

=======
[(-11, -2), (-11, -3), (-19, -3), (-28, -3), (-30, -5), (-29, -5), (0, 0), (0, 0)], [(0, 0), (0, 0)]
=======

=======
[(-11, -2), (-11, -3), (-19, -3), (-28, -3), (-30, -5), (-29, -5), (0, 0), (0, 0), (0, 0)], [(0, 0)]
=======

=======
[(-11, -2)], [(-11, -3), (-19, -3), (-28, -3), (-30, -5), (-29, -5), (0, 0), (0, 0), (0, 0), (0, 0)]
=======

=======
[(-11, -1), (-11, -2)], [(-19, -3), (-28, -3), (-30, -5), (-29, -5), (0, 0), (0, 0), (0, 0), (0, 0)]
=======

=======
[(-11, -1), (-11, -2), (-18, -2)], [(-28, -3), (-30, -5), (-29, -5), (0, 0), (0, 0), (0, 0), (0, 0)]
=======

=======
[(-11, -1), (-11, -2), (-18, -2), (-27, -2)], [(-30, -5), (-29, -5), (0, 0), (0, 0), (0, 0), (0, 0)]
=======

=======
[(-11, -1), (-11, -2), (-18, -2), (-27, -2), (-30, -5)], [(-29, -5), (0, 0), (0, 0), (0, 0), (0, 0)]
=======

=======
[(-11, -1), (-11, -2), (-18, -2), (-27, -2), (-30, -5), (-29, -5)], [(0, 0), (0, 0), (0, 0), (0, 0)]
=======

=======
[(-11, -1), (-11, -2), (-18, -2), (-27, -2), (-30, -5), (-29, -5), (0, 0)], [(0, 0), (0, 0), (0, 0)]
=======

=======
[(-11, -1), (-11, -2), (-18, -2), (-27, -2), (-30, -5), (-29, -5), (0, 0), (0, 0)], [(0, 0), (0, 0)]
=======

=======
[(-11, -1), (-11, -2), (-18, -2), (-27, -2), (-30, -5), (-29, -5), (0, 0), (0, 0), (0, 0)], [(0, 0)]
=======

=======
[(-11, -1)], [(-11, -2), (-18, -2), (-27, -2), (-30, -5), (-29, -5), (0, 0), (0, 0), (0, 0), (0, 0)]
=======

=======
[(-11, 0), (-11, -1)], [(-18, -2), (-27, -2), (-30, -5), (-29, -5), (0, 0), (0, 0), (0, 0), (0, 0)]
=======

=======
[(-11, 0), (-11, -1), (-17, -1)], [(-27, -2), (-30, -5), (-29, -5), (0, 0), (0, 0), (0, 0), (0, 0)]
=======

=======
[(-11, 0), (-11, -1), (-17, -1), (-26, -1)], [(-30, -5), (-29, -5), (0, 0), (0, 0), (0, 0), (0, 0)]
=======

=======
[(-11, 0), (-11, -1), (-17, -1), (-26, -1), (-30, -5)], [(-29, -5), (0, 0), (0, 0), (0, 0), (0, 0)]
=======

=======
[(-11, 0), (-11, -1), (-17, -1), (-26, -1), (-30, -5), (-29, -5)], [(0, 0), (0, 0), (0, 0), (0, 0)]
=======

=======
[(-11, 0), (-11, -1), (-17, -1), (-26, -1), (-30, -5), (-29, -5), (0, 0)], [(0, 0), (0, 0), (0, 0)]
=======

=======
[(-11, 0), (-11, -1), (-17, -1), (-26, -1), (-30, -5), (-29, -5), (0, 0), (0, 0)], [(0, 0), (0, 0)]
=======

=======
[(-11, 0), (-11, -1), (-17, -1), (-26, -1), (-30, -5), (-29, -5), (0, 0), (0, 0), (0, 0)], [(0, 0)]
=======

=======
[(-11, 0)], [(-11, -1), (-17, -1), (-26, -1), (-30, -5), (-29, -5), (0, 0), (0, 0), (0, 0), (0, 0)]
=======

=======
[(-11, 1), (-11, 0)], [(-17, -1), (-26, -1), (-30, -5), (-29, -5), (0, 0), (0, 0), (0, 0), (0, 0)]
=======

=======
[(-11, 1), (-11, 0), (-16, 0)], [(-26, -1), (-30, -5), (-29, -5), (0, 0), (0, 0), (0, 0), (0, 0)]
=======

=======
[(-11, 1), (-11, 0), (-16, 0), (-25, 0)], [(-30, -5), (-29, -5), (0, 0), (0, 0), (0, 0), (0, 0)]
=======

=======
[(-11, 1), (-11, 0), (-16, 0), (-25, 0), (-30, -5)], [(-29, -5), (0, 0), (0, 0), (0, 0), (0, 0)]
=======

=======
[(-11, 1), (-11, 0), (-16, 0), (-25, 0), (-30, -5), (-29, -5)], [(0, 0), (0, 0), (0, 0), (0, 0)]
=======

=======
[(-11, 1), (-11, 0), (-16, 0), (-25, 0), (-30, -5), (-29, -5), (0, 0)], [(0, 0), (0, 0), (0, 0)]
=======

=======
[(-11, 1), (-11, 0), (-16, 0), (-25, 0), (-30, -5), (-29, -5), (0, 0), (0, 0)], [(0, 0), (0, 0)]
=======

=======
[(-11, 1), (-11, 0), (-16, 0), (-25, 0), (-30, -5), (-29, -5), (0, 0), (0, 0), (0, 0)], [(0, 0)]
=======

=======
[(-11, 1)], [(-11, 0), (-16, 0), (-25, 0), (-30, -5), (-29, -5), (0, 0), (0, 0), (0, 0), (0, 0)]
=======

=======
[(-11, 2), (-11, 1)], [(-16, 0), (-25, 0), (-30, -5), (-29, -5), (0, 0), (0, 0), (0, 0), (0, 0)]
=======

=======
[(-11, 2), (-11, 1), (-15, 1)], [(-25, 0), (-30, -5), (-29, -5), (0, 0), (0, 0), (0, 0), (0, 0)]
=======

=======
[(-11, 2), (-11, 1), (-15, 1), (-24, 1)], [(-30, -5), (-29, -5), (0, 0), (0, 0), (0, 0), (0, 0)]
=======

=======
[(-11, 2), (-11, 1), (-15, 1), (-24, 1), (-30, -5)], [(-29, -5), (0, 0), (0, 0), (0, 0), (0, 0)]
=======

=======
[(-11, 2), (-11, 1), (-15, 1), (-24, 1), (-30, -5), (-29, -5)], [(0, 0), (0, 0), (0, 0), (0, 0)]
=======

=======
[(-11, 2), (-11, 1), (-15, 1), (-24, 1), (-30, -5), (-29, -5), (0, 0)], [(0, 0), (0, 0), (0, 0)]
=======

=======
[(-11, 2), (-11, 1), (-15, 1), (-24, 1), (-30, -5), (-29, -5), (0, 0), (0, 0)], [(0, 0), (0, 0)]
=======

=======
[(-11, 2), (-11, 1), (-15, 1), (-24, 1), (-30, -5), (-29, -5), (0, 0), (0, 0), (0, 0)], [(0, 0)]
=======

=======
[(-11, 2)], [(-11, 1), (-15, 1), (-24, 1), (-30, -5), (-29, -5), (0, 0), (0, 0), (0, 0), (0, 0)]
=======

=======
[(-11, 3), (-11, 2)], [(-15, 1), (-24, 1), (-30, -5), (-29, -5), (0, 0), (0, 0), (0, 0), (0, 0)]
=======

=======
[(-11, 3), (-11, 2), (-14, 2)], [(-24, 1), (-30, -5), (-29, -5), (0, 0), (0, 0), (0, 0), (0, 0)]
=======

=======
[(-11, 3), (-11, 2), (-14, 2), (-23, 2)], [(-30, -5), (-29, -5), (0, 0), (0, 0), (0, 0), (0, 0)]
=======

=======
[(-11, 3), (-11, 2), (-14, 2), (-23, 2), (-30, -5)], [(-29, -5), (0, 0), (0, 0), (0, 0), (0, 0)]
=======

=======
[(-11, 3), (-11, 2), (-14, 2), (-23, 2), (-30, -5), (-29, -5)], [(0, 0), (0, 0), (0, 0), (0, 0)]
=======

=======
[(-11, 3), (-11, 2), (-14, 2), (-23, 2), (-30, -5), (-29, -5), (0, 0)], [(0, 0), (0, 0), (0, 0)]
=======

=======
[(-11, 3), (-11, 2), (-14, 2), (-23, 2), (-30, -5), (-29, -5), (0, 0), (0, 0)], [(0, 0), (0, 0)]
=======

=======
[(-11, 3), (-11, 2), (-14, 2), (-23, 2), (-30, -5), (-29, -5), (0, 0), (0, 0), (0, 0)], [(0, 0)]
=======

=======
[(-11, 3)], [(-11, 2), (-14, 2), (-23, 2), (-30, -5), (-29, -5), (0, 0), (0, 0), (0, 0), (0, 0)]
=======

=======
[(-11, 4), (-11, 3)], [(-14, 2), (-23, 2), (-30, -5), (-29, -5), (0, 0), (0, 0), (0, 0), (0, 0)]
=======

=======
[(-11, 4), (-11, 3), (-13, 3)], [(-23, 2), (-30, -5), (-29, -5), (0, 0), (0, 0), (0, 0), (0, 0)]
=======

=======
[(-11, 4), (-11, 3), (-13, 3), (-22, 3)], [(-30, -5), (-29, -5), (0, 0), (0, 0), (0, 0), (0, 0)]
=======

=======
[(-11, 4), (-11, 3), (-13, 3), (-22, 3), (-30, -5)], [(-29, -5), (0, 0), (0, 0), (0, 0), (0, 0)]
=======

=======
[(-11, 4), (-11, 3), (-13, 3), (-22, 3), (-30, -5), (-29, -5)], [(0, 0), (0, 0), (0, 0), (0, 0)]
=======

=======
[(-11, 4), (-11, 3), (-13, 3), (-22, 3), (-30, -5), (-29, -5), (0, 0)], [(0, 0), (0, 0), (0, 0)]
=======

=======
[(-11, 4), (-11, 3), (-13, 3), (-22, 3), (-30, -5), (-29, -5), (0, 0), (0, 0)], [(0, 0), (0, 0)]
=======

=======
[(-11, 4), (-11, 3), (-13, 3), (-22, 3), (-30, -5), (-29, -5), (0, 0), (0, 0), (0, 0)], [(0, 0)]
=======

=======
[(-11, 4)], [(-11, 3), (-13, 3), (-22, 3), (-30, -5), (-29, -5), (0, 0), (0, 0), (0, 0), (0, 0)]
=======

=======
[(-11, 5), (-11, 4)], [(-13, 3), (-22, 3), (-30, -5), (-29, -5), (0, 0), (0, 0), (0, 0), (0, 0)]
=======

=======
[(-11, 5), (-11, 4), (-12, 4)], [(-22, 3), (-30, -5), (-29, -5), (0, 0), (0, 0), (0, 0), (0, 0)]
=======

=======
[(-11, 5), (-11, 4), (-12, 4), (-21, 4)], [(-30, -5), (-29, -5), (0, 0), (0, 0), (0, 0), (0, 0)]
=======

=======
[(-11, 5), (-11, 4), (-12, 4), (-21, 4), (-30, -5)], [(-29, -5), (0, 0), (0, 0), (0, 0), (0, 0)]
=======

=======
[(-11, 5), (-11, 4), (-12, 4), (-21, 4), (-30, -5), (-29, -5)], [(0, 0), (0, 0), (0, 0), (0, 0)]
=======

=======
[(-11, 5), (-11, 4), (-12, 4), (-21, 4), (-30, -5), (-29, -5), (0, 0)], [(0, 0), (0, 0), (0, 0)]
=======

=======
[(-11, 5), (-11, 4), (-12, 4), (-21, 4), (-30, -5), (-29, -5), (0, 0), (0, 0)], [(0, 0), (0, 0)]
=======

=======
[(-11, 5), (-11, 4), (-12, 4), (-21, 4), (-30, -5), (-29, -5), (0, 0), (0, 0), (0, 0)], [(0, 0)]
=======

=======
[(-11, 5)], [(-11, 4), (-12, 4), (-21, 4), (-30, -5), (-29, -5), (0, 0), (0, 0), (0, 0), (0, 0)]
=======

=======
[(-11, 6), (-11, 5)], [(-12, 4), (-21, 4), (-30, -5), (-29, -5), (0, 0), (0, 0), (0, 0), (0, 0)]
=======

=======
[(-11, 6), (-11, 5), (-12, 4)], [(-21, 4), (-30, -5), (-29, -5), (0, 0), (0, 0), (0, 0), (0, 0)]
=======

=======
[(-11, 6), (-11, 5), (-12, 4), (-20, 4)], [(-30, -5), (-29, -5), (0, 0), (0, 0), (0, 0), (0, 0)]
=======

=======
[(-11, 6), (-11, 5), (-12, 4), (-20, 4), (-30, -5)], [(-29, -5), (0, 0), (0, 0), (0, 0), (0, 0)]
=======

=======
[(-11, 6), (-11, 5), (-12, 4), (-20, 4), (-30, -5), (-29, -5)], [(0, 0), (0, 0), (0, 0), (0, 0)]
=======

=======
[(-11, 6), (-11, 5), (-12, 4), (-20, 4), (-30, -5), (-29, -5), (0, 0)], [(0, 0), (0, 0), (0, 0)]
=======

=======
[(-11, 6), (-11, 5), (-12, 4), (-20, 4), (-30, -5), (-29, -5), (0, 0), (0, 0)], [(0, 0), (0, 0)]
=======

=======
[(-11, 6), (-11, 5), (-12, 4), (-20, 4), (-30, -5), (-29, -5), (0, 0), (0, 0), (0, 0)], [(0, 0)]
=======

=======
[(-11, 6)], [(-11, 5), (-12, 4), (-20, 4), (-30, -5), (-29, -5), (0, 0), (0, 0), (0, 0), (0, 0)]
=======

=======
[(-11, 7), (-11, 6)], [(-12, 4), (-20, 4), (-30, -5), (-29, -5), (0, 0), (0, 0), (0, 0), (0, 0)]
=======

=======
[(-11, 7), (-11, 6), (-11, 5)], [(-20, 4), (-30, -5), (-29, -5), (0, 0), (0, 0), (0, 0), (0, 0)]
=======

=======
[(-11, 7), (-11, 6), (-11, 5), (-19, 5)], [(-30, -5), (-29, -5), (0, 0), (0, 0), (0, 0), (0, 0)]
=======

=======
[(-11, 7), (-11, 6), (-11, 5), (-19, 5), (-30, -5)], [(-29, -5), (0, 0), (0, 0), (0, 0), (0, 0)]
=======

=======
[(-11, 7), (-11, 6), (-11, 5), (-19, 5), (-30, -5), (-29, -5)], [(0, 0), (0, 0), (0, 0), (0, 0)]
=======

=======
[(-11, 7), (-11, 6), (-11, 5), (-19, 5), (-30, -5), (-29, -5), (0, 0)], [(0, 0), (0, 0), (0, 0)]
=======

=======
[(-11, 7), (-11, 6), (-11, 5), (-19, 5), (-30, -5), (-29, -5), (0, 0), (0, 0)], [(0, 0), (0, 0)]
=======

=======
[(-11, 7), (-11, 6), (-11, 5), (-19, 5), (-30, -5), (-29, -5), (0, 0), (0, 0), (0, 0)], [(0, 0)]
=======

=======
[(-11, 7)], [(-11, 6), (-11, 5), (-19, 5), (-30, -5), (-29, -5), (0, 0), (0, 0), (0, 0), (0, 0)]
=======

=======
[(-11, 8), (-11, 7)], [(-11, 5), (-19, 5), (-30, -5), (-29, -5), (0, 0), (0, 0), (0, 0), (0, 0)]
=======

=======
[(-11, 8), (-11, 7), (-11, 6)], [(-19, 5), (-30, -5), (-29, -5), (0, 0), (0, 0), (0, 0), (0, 0)]
=======

=======
[(-11, 8), (-11, 7), (-11, 6), (-18, 6)], [(-30, -5), (-29, -5), (0, 0), (0, 0), (0, 0), (0, 0)]
=======

=======
[(-11, 8), (-11, 7), (-11, 6), (-18, 6), (-30, -5)], [(-29, -5), (0, 0), (0, 0), (0, 0), (0, 0)]
=======

=======
[(-11, 8), (-11, 7), (-11, 6), (-18, 6), (-30, -5), (-29, -5)], [(0, 0), (0, 0), (0, 0), (0, 0)]
=======

=======
[(-11, 8), (-11, 7), (-11, 6), (-18, 6), (-30, -5), (-29, -5), (0, 0)], [(0, 0), (0, 0), (0, 0)]
=======

=======
[(-11, 8), (-11, 7), (-11, 6), (-18, 6), (-30, -5), (-29, -5), (0, 0), (0, 0)], [(0, 0), (0, 0)]
=======

=======
[(-11, 8), (-11, 7), (-11, 6), (-18, 6), (-30, -5), (-29, -5), (0, 0), (0, 0), (0, 0)], [(0, 0)]
=======

=======
[(-11, 8)], [(-11, 7), (-11, 6), (-18, 6), (-30, -5), (-29, -5), (0, 0), (0, 0), (0, 0), (0, 0)]
=======

=======
[(-11, 9), (-11, 8)], [(-11, 6), (-18, 6), (-30, -5), (-29, -5), (0, 0), (0, 0), (0, 0), (0, 0)]
=======

=======
[(-11, 9), (-11, 8), (-11, 7)], [(-18, 6), (-30, -5), (-29, -5), (0, 0), (0, 0), (0, 0), (0, 0)]
=======

=======
[(-11, 9), (-11, 8), (-11, 7), (-17, 7)], [(-30, -5), (-29, -5), (0, 0), (0, 0), (0, 0), (0, 0)]
=======

=======
[(-11, 9), (-11, 8), (-11, 7), (-17, 7), (-30, -5)], [(-29, -5), (0, 0), (0, 0), (0, 0), (0, 0)]
=======

=======
[(-11, 9), (-11, 8), (-11, 7), (-17, 7), (-30, -5), (-29, -5)], [(0, 0), (0, 0), (0, 0), (0, 0)]
=======

=======
[(-11, 9), (-11, 8), (-11, 7), (-17, 7), (-30, -5), (-29, -5), (0, 0)], [(0, 0), (0, 0), (0, 0)]
=======

=======
[(-11, 9), (-11, 8), (-11, 7), (-17, 7), (-30, -5), (-29, -5), (0, 0), (0, 0)], [(0, 0), (0, 0)]
=======

=======
[(-11, 9), (-11, 8), (-11, 7), (-17, 7), (-30, -5), (-29, -5), (0, 0), (0, 0), (0, 0)], [(0, 0)]
=======

=======
[(-11, 9)], [(-11, 8), (-11, 7), (-17, 7), (-30, -5), (-29, -5), (0, 0), (0, 0), (0, 0), (0, 0)]
=======

=======
[(-11, 10), (-11, 9)], [(-11, 7), (-17, 7), (-30, -5), (-29, -5), (0, 0), (0, 0), (0, 0), (0, 0)]
=======

=======
[(-11, 10), (-11, 9), (-11, 8)], [(-17, 7), (-30, -5), (-29, -5), (0, 0), (0, 0), (0, 0), (0, 0)]
=======

=======
[(-11, 10), (-11, 9), (-11, 8), (-16, 8)], [(-30, -5), (-29, -5), (0, 0), (0, 0), (0, 0), (0, 0)]
=======

=======
[(-11, 10), (-11, 9), (-11, 8), (-16, 8), (-30, -5)], [(-29, -5), (0, 0), (0, 0), (0, 0), (0, 0)]
=======

=======
[(-11, 10), (-11, 9), (-11, 8), (-16, 8), (-30, -5), (-29, -5)], [(0, 0), (0, 0), (0, 0), (0, 0)]
=======

=======
[(-11, 10), (-11, 9), (-11, 8), (-16, 8), (-30, -5), (-29, -5), (0, 0)], [(0, 0), (0, 0), (0, 0)]
=======

=======
[(-11, 10), (-11, 9), (-11, 8), (-16, 8), (-30, -5), (-29, -5), (0, 0), (0, 0)], [(0, 0), (0, 0)]
=======

=======
[(-11, 10), (-11, 9), (-11, 8), (-16, 8), (-30, -5), (-29, -5), (0, 0), (0, 0), (0, 0)], [(0, 0)]
=======

=======
[(-11, 10)], [(-11, 9), (-11, 8), (-16, 8), (-30, -5), (-29, -5), (0, 0), (0, 0), (0, 0), (0, 0)]
=======

=======
[(-11, 11), (-11, 10)], [(-11, 8), (-16, 8), (-30, -5), (-29, -5), (0, 0), (0, 0), (0, 0), (0, 0)]
=======

=======
[(-11, 11), (-11, 10), (-11, 9)], [(-16, 8), (-30, -5), (-29, -5), (0, 0), (0, 0), (0, 0), (0, 0)]
=======

=======
[(-11, 11), (-11, 10), (-11, 9), (-15, 9)], [(-30, -5), (-29, -5), (0, 0), (0, 0), (0, 0), (0, 0)]
=======

=======
[(-11, 11), (-11, 10), (-11, 9), (-15, 9), (-30, -5)], [(-29, -5), (0, 0), (0, 0), (0, 0), (0, 0)]
=======

=======
[(-11, 11), (-11, 10), (-11, 9), (-15, 9), (-30, -5), (-29, -5)], [(0, 0), (0, 0), (0, 0), (0, 0)]
=======

=======
[(-11, 11), (-11, 10), (-11, 9), (-15, 9), (-30, -5), (-29, -5), (0, 0)], [(0, 0), (0, 0), (0, 0)]
=======

=======
[(-11, 11), (-11, 10), (-11, 9), (-15, 9), (-30, -5), (-29, -5), (0, 0), (0, 0)], [(0, 0), (0, 0)]
=======

=======
[(-11, 11), (-11, 10), (-11, 9), (-15, 9), (-30, -5), (-29, -5), (0, 0), (0, 0), (0, 0)], [(0, 0)]
=======

=======
[(-11, 11)], [(-11, 10), (-11, 9), (-15, 9), (-30, -5), (-29, -5), (0, 0), (0, 0), (0, 0), (0, 0)]
=======

=======
[(-11, 12), (-11, 11)], [(-11, 9), (-15, 9), (-30, -5), (-29, -5), (0, 0), (0, 0), (0, 0), (0, 0)]
=======

=======
[(-11, 12), (-11, 11), (-11, 10)], [(-15, 9), (-30, -5), (-29, -5), (0, 0), (0, 0), (0, 0), (0, 0)]
=======

=======
[(-11, 12), (-11, 11), (-11, 10), (-14, 10)], [(-30, -5), (-29, -5), (0, 0), (0, 0), (0, 0), (0, 0)]
=======

=======
[(-11, 12), (-11, 11), (-11, 10), (-14, 10), (-30, -5)], [(-29, -5), (0, 0), (0, 0), (0, 0), (0, 0)]
=======

=======
[(-11, 12), (-11, 11), (-11, 10), (-14, 10), (-30, -5), (-29, -5)], [(0, 0), (0, 0), (0, 0), (0, 0)]
=======

=======
[(-11, 12), (-11, 11), (-11, 10), (-14, 10), (-30, -5), (-29, -5), (0, 0)], [(0, 0), (0, 0), (0, 0)]
=======

=======
[(-11, 12), (-11, 11), (-11, 10), (-14, 10), (-30, -5), (-29, -5), (0, 0), (0, 0)], [(0, 0), (0, 0)]
=======

=======
[(-11, 12), (-11, 11), (-11, 10), (-14, 10), (-30, -5), (-29, -5), (0, 0), (0, 0), (0, 0)], [(0, 0)]
=======

=======
[(-11, 12)], [(-11, 11), (-11, 10), (-14, 10), (-30, -5), (-29, -5), (0, 0), (0, 0), (0, 0), (0, 0)]
=======

=======
[(-11, 13), (-11, 12)], [(-11, 10), (-14, 10), (-30, -5), (-29, -5), (0, 0), (0, 0), (0, 0), (0, 0)]
=======

=======
[(-11, 13), (-11, 12), (-11, 11)], [(-14, 10), (-30, -5), (-29, -5), (0, 0), (0, 0), (0, 0), (0, 0)]
=======

=======
[(-11, 13), (-11, 12), (-11, 11), (-13, 11)], [(-30, -5), (-29, -5), (0, 0), (0, 0), (0, 0), (0, 0)]
=======

=======
[(-11, 13), (-11, 12), (-11, 11), (-13, 11), (-30, -5)], [(-29, -5), (0, 0), (0, 0), (0, 0), (0, 0)]
=======

=======
[(-11, 13), (-11, 12), (-11, 11), (-13, 11), (-30, -5), (-29, -5)], [(0, 0), (0, 0), (0, 0), (0, 0)]
=======

=======
[(-11, 13), (-11, 12), (-11, 11), (-13, 11), (-30, -5), (-29, -5), (0, 0)], [(0, 0), (0, 0), (0, 0)]
=======

=======
[(-11, 13), (-11, 12), (-11, 11), (-13, 11), (-30, -5), (-29, -5), (0, 0), (0, 0)], [(0, 0), (0, 0)]
=======

=======
[(-11, 13), (-11, 12), (-11, 11), (-13, 11), (-30, -5), (-29, -5), (0, 0), (0, 0), (0, 0)], [(0, 0)]
=======

=======
[(-11, 13)], [(-11, 12), (-11, 11), (-13, 11), (-30, -5), (-29, -5), (0, 0), (0, 0), (0, 0), (0, 0)]
=======

=======
[(-11, 14), (-11, 13)], [(-11, 11), (-13, 11), (-30, -5), (-29, -5), (0, 0), (0, 0), (0, 0), (0, 0)]
=======

=======
[(-11, 14), (-11, 13), (-11, 12)], [(-13, 11), (-30, -5), (-29, -5), (0, 0), (0, 0), (0, 0), (0, 0)]
=======

=======
[(-11, 14), (-11, 13), (-11, 12), (-12, 12)], [(-30, -5), (-29, -5), (0, 0), (0, 0), (0, 0), (0, 0)]
=======

=======
[(-11, 14), (-11, 13), (-11, 12), (-12, 12), (-30, -5)], [(-29, -5), (0, 0), (0, 0), (0, 0), (0, 0)]
=======

=======
[(-11, 14), (-11, 13), (-11, 12), (-12, 12), (-30, -5), (-29, -5)], [(0, 0), (0, 0), (0, 0), (0, 0)]
=======

=======
[(-11, 14), (-11, 13), (-11, 12), (-12, 12), (-30, -5), (-29, -5), (0, 0)], [(0, 0), (0, 0), (0, 0)]
=======

=======
[(-11, 14), (-11, 13), (-11, 12), (-12, 12), (-30, -5), (-29, -5), (0, 0), (0, 0)], [(0, 0), (0, 0)]
=======

=======
[(-11, 14), (-11, 13), (-11, 12), (-12, 12), (-30, -5), (-29, -5), (0, 0), (0, 0), (0, 0)], [(0, 0)]
=======

=======
[(-11, 14)], [(-11, 13), (-11, 12), (-12, 12), (-30, -5), (-29, -5), (0, 0), (0, 0), (0, 0), (0, 0)]
=======

=======
[(-11, 15), (-11, 14)], [(-11, 12), (-12, 12), (-30, -5), (-29, -5), (0, 0), (0, 0), (0, 0), (0, 0)]
=======

=======
[(-11, 15), (-11, 14), (-11, 13)], [(-12, 12), (-30, -5), (-29, -5), (0, 0), (0, 0), (0, 0), (0, 0)]
=======

=======
[(-11, 15), (-11, 14), (-11, 13), (-12, 12)], [(-30, -5), (-29, -5), (0, 0), (0, 0), (0, 0), (0, 0)]
=======

=======
[(-11, 15), (-11, 14), (-11, 13), (-12, 12), (-30, -5)], [(-29, -5), (0, 0), (0, 0), (0, 0), (0, 0)]
=======

=======
[(-11, 15), (-11, 14), (-11, 13), (-12, 12), (-30, -5), (-29, -5)], [(0, 0), (0, 0), (0, 0), (0, 0)]
=======

=======
[(-11, 15), (-11, 14), (-11, 13), (-12, 12), (-30, -5), (-29, -5), (0, 0)], [(0, 0), (0, 0), (0, 0)]
=======

=======
[(-11, 15), (-11, 14), (-11, 13), (-12, 12), (-30, -5), (-29, -5), (0, 0), (0, 0)], [(0, 0), (0, 0)]
=======

=======
[(-11, 15), (-11, 14), (-11, 13), (-12, 12), (-30, -5), (-29, -5), (0, 0), (0, 0), (0, 0)], [(0, 0)]
=======

Tail visited 1 at least once.
